0.397000
0.860000
0.331000
0.724000
2.170000
2.196000
0.910000
2.211000
2.196000
2.148000
2.685000
0.881000
0.663000
2.128000
2.163000
2.214000
0.717000
0.812000
2.145000
2.225000
2.256000
0.743000
2.092000
0.431000
1.041000
0.831000
2.029000
1.572000
4.120000
2.197000
2.167000
2.351000
2.689000
2.943000
0.795000
2.616000
1.163000
2.205000
3.040000
2.670000
1.155000
0.420000
4.750000
2.550000
2.230000
2.217000
2.843000
1.108000
1.625000
2.853000
2.320000
2.210000
1.407000
2.719000
2.170000
2.925000
2.696000
2.160000
2.574000
0.799000
2.305000
2.188000
2.544000
2.084000
0.837000
2.809000
2.364000
2.935000
2.119000
1.761000
2.498000
2.276000
1.510000
1.700000
2.360000
0.860000
3.230000
2.453000
2.287000
2.190000
2.225000
2.960000
3.040000
2.035000
0.886000
2.293000
2.140000
2.382000
3.033000
2.180000
2.060000
2.116000
2.094000
0.714000
0.846000
2.587000
2.160000
2.167000
2.180000
2.149000
1.150000
2.053000
3.311000
2.630000
2.235000
3.300000
4.165000
4.310000
2.360000
2.330000
2.694000
2.582000
0.723000
2.124000
2.534000
2.545000
2.804000
2.695000
2.191000
2.180000
2.461000
2.340000
0.679000
3.049000
2.323000
3.125000
1.568000
3.229000
1.913000
2.171000
1.464000
0.855000
0.752000
3.242000
2.150000
2.288000
3.118000
2.529000
0.723000
3.767000
0.805000
2.490000
2.122000
2.065000
2.370000
2.483000
2.866000
2.455000
0.583000
2.180000
2.040000
1.998000
3.162000
2.346000
0.736000
2.802000
3.072000
0.794000
0.983000
2.275000
2.940000
3.152000
2.155000
1.575000
3.352000
2.269000
2.540000
0.875000
3.385000
0.741000
2.818000
2.045000
0.791000
0.972000
2.510000
1.958000
2.655000
3.371000
2.200000
1.799000
2.157000
3.199000
3.010000
2.235000
2.620000
2.789000
2.586000
1.572000
2.164000
2.470000
2.400000
2.500000
0.939000
2.323000
2.595000
0.709000
2.420000
2.377000
0.852000
0.916000
0.760000
0.802000
2.901000
3.010000
2.926000
0.595000
2.194000
2.804000
2.584000
0.673000
3.257000
2.241000
2.210000
0.679000
0.777000
0.850000
2.585000
0.810000
2.218000
2.277000
2.223000
2.549000
2.434000
2.170000
2.275000
2.368000
2.576000
2.820000
2.435000
2.630000
2.640000
2.728000
2.525000
2.177000
1.120000
2.210000
2.789000
2.080000
0.742000
2.273000
0.840000
2.207000
2.393000
2.585000
2.357000
3.166000
2.974000
2.500000
2.682000
3.945000
2.950000
2.630000
0.920000
2.828000
2.220000
0.884000
2.729000
0.870000
2.183000
0.867000
2.490000
2.502000
0.770000
2.232000
0.783000
2.495000
3.150000
2.795000
0.807000
0.717000
2.180000
2.181000
2.728000
1.640000
1.999000
0.652000
1.017000
2.130000
1.745000
2.186000
0.961000
2.167000
