3.552300
3.552400
3.552500
3.552600
3.552700
3.552800
3.552900
3.553000
3.553100
3.553200
3.553300
3.553400
3.553500
3.553600
3.553700
3.553800
3.553900
3.554000
3.554100
3.554200
3.554300
3.554400
3.554500
3.554600
3.554700
3.554800
3.554900
3.555000
3.555100
3.555200
3.555300
3.555400
3.555500
3.555600
3.555700
3.555800
3.555900
3.556000
3.556100
3.556200
3.556300
3.556400
3.556500
3.556600
3.556700
3.556800
3.556900
3.557000
3.557100
3.557200
3.557300
3.557400
3.557500
3.557600
3.557700
3.557800
3.557900
3.558000
3.558100
3.558200
3.558300
3.558400
3.558500
3.558600
3.558700
3.558800
3.558900
3.559000
3.559100
3.559200
3.559300
3.559400
3.559500
3.559600
3.559700
3.559800
3.559900
3.560000
3.560100
3.560200
3.560300
3.560400
3.560500
3.560600
3.560700
3.560800
3.560900
3.561000
3.561100
3.561200
3.561300
3.561400
3.561500
3.561600
3.561700
3.561800
3.561900
3.562000
3.562100
3.562200
3.562300
3.562400
3.562500
3.562600
3.562700
3.562800
3.562900
3.563000
3.563100
3.563200
3.563300
3.563400
3.563500
3.563600
3.563700
3.563800
3.563900
3.564000
3.564100
3.564200
3.564300
3.564400
3.564500
3.564600
3.564700
3.564800
3.564900
3.565000
3.565100
3.565200
3.565300
3.565400
3.565500
3.565600
3.565700
3.565800
3.565900
3.566000
3.566100
3.566200
3.566300
3.566400
3.566500
3.566600
3.566700
3.566800
3.566900
3.567000
3.567100
3.567200
3.567300
3.567400
3.567500
3.567600
3.567700
3.567800
3.567900
3.568000
3.568100
3.568200
3.568300
3.568400
3.568500
3.568600
3.568700
3.568800
3.568900
3.569000
3.569100
3.569200
3.569300
3.569400
3.569500
3.569600
3.569700
3.569800
3.569900
3.570000
3.570100
3.570200
3.570300
3.570400
3.570500
3.570600
3.570700
3.570800
3.570900
3.571000
3.571100
3.571200
3.571300
3.571400
3.571500
3.571600
3.571700
3.571800
3.571900
3.572000
3.572100
3.572200
3.572300
3.572400
3.572500
3.572600
3.572700
3.572800
3.572900
3.573000
3.573100
3.573200
3.573300
3.573400
3.573500
3.573600
3.573700
3.573800
3.573900
3.574000
3.574100
3.574200
3.574300
3.574400
3.574500
3.574600
3.574700
3.574800
3.574900
3.575000
3.575100
3.575200
3.575300
3.575400
3.575500
3.575600
3.575700
3.575800
3.575900
3.576000
3.576100
3.576200
3.576300
3.576400
3.576500
3.576600
3.576700
3.576800
3.576900
3.577000
3.577100
3.577200
3.577300
3.577400
3.577500
3.577600
3.577700
3.577800
3.577900
3.578000
3.578100
3.578200
3.578300
3.578400
3.578500
3.578600
3.578700
3.578800
3.578900
3.579000
3.579100
3.579200
3.579300
3.579400
3.579500
3.579600
3.579700
3.579800
3.579900
3.580000
3.580100
3.580200
3.580300
3.580400
3.580500
3.580600
3.580700
3.580800
3.580900
3.581000
3.581100
3.581200
3.581300
3.581400
3.581500
3.581600
3.581700
3.581800
3.581900
3.582000
3.582100
3.582200
3.582300
3.582400
3.582500
3.582600
3.582700
3.582800
3.582900
3.583000
3.583100
3.583200
3.583300
3.583400
3.583500
3.583600
3.583700
3.583800
3.583900
3.584000
3.584100
3.584200
3.584300
3.584400
3.584500
3.584600
3.584700
3.584800
3.584900
3.585000
3.585100
3.585200
3.585300
3.585400
3.585500
3.585600
3.585700
3.585800
3.585900
3.586000
3.586100
3.586200
3.586300
3.586400
3.586500
3.586600
3.586700
3.586800
3.586900
3.587000
3.587100
3.587200
3.587300
3.587400
3.587500
3.587600
3.587700
3.587800
3.587900
3.588000
3.588100
3.588200
3.588300
3.588400
3.588500
3.588600
3.588700
3.588800
3.588900
3.589000
3.589100
3.589200
3.589300
3.589400
3.589500
3.589600
3.589700
3.589800
3.589900
3.590000
3.590100
3.590200
3.590300
3.590400
3.590500
3.590600
3.590700
3.590800
3.590900
3.591000
3.591100
3.591200
3.591300
3.591400
3.591500
3.591600
3.591700
3.591800
3.591900
3.592000
3.592100
3.592200
3.592300
3.592400
3.592500
3.592600
3.592700
3.592800
3.592900
3.593000
3.593100
3.593200
3.593300
3.593400
3.593500
3.593600
3.593700
3.593800
3.593900
3.594000
3.594100
3.594200
3.594300
3.594400
3.594500
3.594600
3.594700
3.594800
3.594900
3.595000
3.595100
3.595200
3.595300
3.595400
3.595500
3.595600
3.595700
3.595800
3.595900
3.596000
3.596100
3.596200
3.596300
3.596400
3.596500
3.596600
3.596700
3.596800
3.596900
3.597000
3.597100
3.597200
3.597300
3.597400
3.597500
3.597600
3.597700
3.597800
3.597900
3.598000
3.598100
3.598200
3.598300
3.598400
3.598500
3.598600
3.598700
3.598800
3.598900
3.599000
3.599100
3.599200
3.599300
3.599400
3.599500
3.599600
3.599700
3.599800
3.599900
3.600000
3.600100
3.600200
3.600300
3.600400
3.600500
3.600600
3.600700
3.600800
3.600900
3.601000
3.601100
3.601200
3.601300
3.601400
3.601500
3.601600
3.601700
3.601800
3.601900
3.602000
3.602100
3.602200
3.602300
3.602400
3.602500
3.602600
3.602700
3.602800
3.602900
3.603000
3.603100
3.603200
3.603300
3.603400
3.603500
3.603600
3.603700
3.603800
3.603900
3.604000
3.604100
3.604200
3.604300
3.604400
3.604500
3.604600
3.604700
3.604800
3.604900
3.605000
3.605100
3.605200
3.605300
3.605400
3.605500
3.605600
3.605700
3.605800
3.605900
3.606000
3.606100
3.606200
3.606300
3.606400
3.606500
3.606600
3.606700
3.606800
3.606900
3.607000
3.607100
3.607200
3.607300
3.607400
3.607500
3.607600
3.607700
3.607800
3.607900
3.608000
3.608100
3.608200
3.608300
3.608400
3.608500
3.608600
3.608700
3.608800
3.608900
3.609000
3.609100
3.609200
3.609300
3.609400
3.609500
3.609600
3.609700
3.609800
3.609900
3.610000
3.610100
3.610200
3.610300
3.610400
3.610500
3.610600
3.610700
3.610800
3.610900
3.611000
3.611100
3.611200
3.611300
3.611400
3.611500
3.611600
3.611700
3.611800
3.611900
3.612000
3.612100
3.612200
3.612300
3.612400
3.612500
3.612600
3.612700
3.612800
3.612900
3.613000
3.613100
3.613200
3.613300
3.613400
3.613500
3.613600
3.613700
3.613800
3.613900
3.614000
3.614100
3.614200
3.614300
3.614400
3.614500
3.614600
3.614700
3.614800
3.614900
3.615000
3.615100
3.615200
3.615300
3.615400
3.615500
3.615600
3.615700
3.615800
3.615900
3.616000
3.616100
3.616200
3.616300
3.616400
3.616500
3.616600
3.616700
3.616800
3.616900
3.617000
3.617100
3.617200
3.617300
3.617400
3.617500
3.617600
3.617700
3.617800
3.617900
3.618000
3.618100
3.618200
3.618300
3.618400
3.618500
3.618600
3.618700
3.618800
3.618900
3.619000
3.619100
3.619200
3.619300
3.619400
3.619500
3.619600
3.619700
3.619800
3.619900
3.620000
3.620100
3.620200
3.620300
3.620400
3.620500
3.620600
3.620700
3.620800
3.620900
3.621000
3.621100
3.621200
3.621300
3.621400
3.621500
3.621600
3.621700
3.621800
3.621900
3.622000
3.622100
3.622200
3.622300
3.622400
3.622500
3.622600
3.622700
3.622800
3.622900
3.623000
3.623100
3.623200
3.623300
3.623400
3.623500
3.623600
3.623700
3.623800
3.623900
3.624000
3.624100
3.624200
3.624300
3.624400
3.624500
3.624600
3.624700
3.624800
3.624900
3.625000
3.625100
3.625200
3.625300
3.625400
3.625500
3.625600
3.625700
3.625800
3.625900
3.626000
3.626100
3.626200
3.626300
3.626400
3.626500
3.626600
3.626700
3.626800
3.626900
3.627000
3.627100
3.627200
3.627300
3.627400
3.627500
3.627600
3.627700
3.627800
3.627900
3.628000
3.628100
3.628200
3.628300
3.628400
3.628500
3.628600
3.628700
3.628800
3.628900
3.629000
3.629100
3.629200
3.629300
3.629400
3.629500
3.629600
3.629700
3.629800
3.629900
3.630000
3.630100
3.630200
3.630300
3.630400
3.630500
3.630600
3.630700
3.630800
3.630900
3.631000
3.631100
3.631200
3.631300
3.631400
3.631500
3.631600
3.631700
3.631800
3.631900
3.632000
3.632100
3.632200
3.632300
3.632400
3.632500
3.632600
3.632700
3.632800
3.632900
3.633000
3.633100
3.633200
3.633300
3.633400
3.633500
3.633600
3.633700
3.633800
3.633900
3.634000
3.634100
3.634200
3.634300
3.634400
3.634500
3.634600
3.634700
3.634800
3.634900
3.635000
3.635100
3.635200
3.635300
3.635400
3.635500
3.635600
3.635700
3.635800
3.635900
3.636000
3.636100
3.636200
3.636300
3.636400
3.636500
3.636600
3.636700
3.636800
3.636900
3.637000
3.637100
3.637200
3.637300
3.637400
3.637500
3.637600
3.637700
3.637800
3.637900
3.638000
3.638100
3.638200
3.638300
3.638400
3.638500
3.638600
3.638700
3.638800
3.638900
3.639000
3.639100
3.639200
3.639300
3.639400
3.639500
3.639600
3.639700
3.639800
3.639900
3.640000
3.640100
3.640200
3.640300
3.640400
3.640500
3.640600
3.640700
3.640800
3.640900
3.641000
3.641100
3.641200
3.641300
3.641400
3.641500
3.641600
3.641700
3.641800
3.641900
3.642000
3.642100
3.642200
3.642300
3.642400
3.642500
3.642600
3.642700
3.642800
3.642900
3.643000
3.643100
3.643200
3.643300
3.643400
3.643500
3.643600
3.643700
3.643800
3.643900
3.644000
3.644100
3.644200
3.644300
3.644400
3.644500
3.644600
3.644700
3.644800
3.644900
3.645000
3.645100
3.645200
3.645300
3.645400
3.645500
3.645600
3.645700
3.645800
3.645900
3.646000
3.646100
3.646200
3.646300
3.646400
3.646500
3.646600
3.646700
3.646800
3.646900
3.647000
3.647100
3.647200
3.647300
3.647400
3.647500
3.647600
3.647700
3.647800
3.647900
3.648000
3.648100
3.648200
3.648300
3.648400
3.648500
3.648600
3.648700
3.648800
3.648900
3.649000
3.649100
3.649200
3.649300
3.649400
3.649500
3.649600
3.649700
3.649800
3.649900
3.650000
3.650100
3.650200
3.650300
3.650400
3.650500
3.650600
3.650700
3.650800
3.650900
3.651000
3.651100
3.651200
3.651300
3.651400
3.651500
3.651600
3.651700
3.651800
3.651900
3.652000
3.652100
3.652200
3.652300
3.652400
3.652500
3.652600
3.652700
3.652800
3.652900
3.653000
3.653100
3.653200
3.653300
3.653400
3.653500
3.653600
3.653700
3.653800
3.653900
3.654000
3.654100
3.654200
3.654300
3.654400
3.654500
3.654600
3.654700
3.654800
3.654900
3.655000
3.655100
3.655200
3.655300
3.655400
3.655500
3.655600
3.655700
3.655800
3.655900
3.656000
3.656100
3.656200
3.656300
3.656400
3.656500
3.656600
3.656700
3.656800
3.656900
3.657000
3.657100
3.657200
3.657300
3.657400
3.657500
3.657600
3.657700
3.657800
3.657900
3.658000
3.658100
3.658200
3.658300
3.658400
3.658500
3.658600
3.658700
3.658800
3.658900
3.659000
3.659100
3.659200
3.659300
3.659400
3.659500
3.659600
3.659700
3.659800
3.659900
3.660000
3.660100
3.660200
3.660300
3.660400
3.660500
3.660600
3.660700
3.660800
3.660900
3.661000
3.661100
3.661200
3.661300
3.661400
3.661500
3.661600
3.661700
3.661800
3.661900
3.662000
3.662100
3.662200
3.662300
3.662400
3.662500
3.662600
3.662700
3.662800
3.662900
3.663000
3.663100
3.663200
3.663300
3.663400
3.663500
3.663600
3.663700
3.663800
3.663900
3.664000
3.664100
3.664200
3.664300
3.664400
3.664500
3.664600
3.664700
3.664800
3.664900
3.665000
3.665100
3.665200
3.665300
3.665400
3.665500
3.665600
3.665700
3.665800
3.665900
3.666000
3.666100
3.666200
3.666300
3.666400
3.666500
3.666600
3.666700
3.666800
3.666900
3.667000
3.667100
3.667200
3.667300
3.667400
3.667500
3.667600
3.667700
3.667800
3.667900
3.668000
3.668100
3.668200
3.668300
3.668400
3.668500
3.668600
3.668700
3.668800
3.668900
3.669000
3.669100
3.669200
3.669300
3.669400
3.669500
3.669600
3.669700
3.669800
3.669900
3.670000
3.670100
3.670200
3.670300
3.670400
3.670500
3.670600
3.670700
3.670800
3.670900
3.671000
3.671100
3.671200
3.671300
3.671400
3.671500
3.671600
3.671700
3.671800
3.671900
3.672000
3.672100
3.672200
3.672300
3.672400
3.672500
3.672600
3.672700
3.672800
3.672900
3.673000
3.673100
3.673200
3.673300
3.673400
3.673500
3.673600
3.673700
3.673800
3.673900
3.674000
3.674100
3.674200
3.674300
3.674400
3.674500
3.674600
3.674700
3.674800
3.674900
3.675000
3.675100
3.675200
3.675300
3.675400
3.675500
3.675600
3.675700
3.675800
3.675900
3.676000
3.676100
3.676200
3.676300
3.676400
3.676500
3.676600
3.676700
3.676800
3.676900
3.677000
3.677100
3.677200
3.677300
3.677400
3.677500
3.677600
3.677700
3.677800
3.677900
3.678000
3.678100
3.678200
3.678300
3.678400
3.678500
3.678600
3.678700
3.678800
3.678900
3.679000
3.679100
3.679200
3.679300
3.679400
3.679500
3.679600
3.679700
3.679800
3.679900
3.680000
3.680100
3.680200
3.680300
3.680400
3.680500
3.680600
3.680700
3.680800
3.680900
3.681000
3.681100
3.681200
3.681300
3.681400
3.681500
3.681600
3.681700
3.681800
3.681900
3.682000
3.682100
3.682200
3.682300
3.682400
3.682500
3.682600
3.682700
3.682800
3.682900
3.683000
3.683100
3.683200
3.683300
3.683400
3.683500
3.683600
3.683700
3.683800
3.683900
3.684000
3.684100
3.684200
3.684300
3.684400
3.684500
3.684600
3.684700
3.684800
3.684900
3.685000
3.685100
3.685200
3.685300
3.685400
3.685500
3.685600
3.685700
3.685800
3.685900
3.686000
3.686100
3.686200
3.686300
3.686400
3.686500
3.686600
3.686700
3.686800
3.686900
3.687000
3.687100
3.687200
3.687300
3.687400
3.687500
3.687600
3.687700
3.687800
3.687900
3.688000
3.688100
3.688200
3.688300
3.688400
3.688500
3.688600
3.688700
3.688800
3.688900
3.689000
3.689100
3.689200
3.689300
3.689400
3.689500
3.689600
3.689700
3.689800
3.689900
3.690000
3.690100
3.690200
3.690300
3.690400
3.690500
3.690600
3.690700
3.690800
3.690900
3.691000
3.691100
3.691200
3.691300
3.691400
3.691500
3.691600
3.691700
3.691800
3.691900
3.692000
3.692100
3.692200
3.692300
3.692400
3.692500
3.692600
3.692700
3.692800
3.692900
3.693000
3.693100
3.693200
3.693300
3.693400
3.693500
3.693600
3.693700
3.693800
3.693900
3.694000
3.694100
3.694200
3.694300
3.694400
3.694500
3.694600
3.694700
3.694800
3.694900
3.695000
3.695100
3.695200
3.695300
3.695400
3.695500
3.695600
3.695700
3.695800
3.695900
3.696000
3.696100
3.696200
3.696300
3.696400
3.696500
3.696600
3.696700
3.696800
3.696900
3.697000
3.697100
3.697200
3.697300
3.697400
3.697500
3.697600
3.697700
3.697800
3.697900
3.698000
3.698100
3.698200
3.698300
3.698400
3.698500
3.698600
3.698700
3.698800
3.698900
3.699000
3.699100
3.699200
3.699300
3.699400
3.699500
3.699600
3.699700
3.699800
3.699900
3.700000
3.700100
3.700200
3.700300
3.700400
3.700500
3.700600
3.700700
3.700800
3.700900
3.701000
3.701100
3.701200
3.701300
3.701400
3.701500
3.701600
3.701700
3.701800
3.701900
3.702000
3.702100
3.702200
3.702300
3.702400
3.702500
3.702600
3.702700
3.702800
3.702900
3.703000
3.703100
3.703200
3.703300
3.703400
3.703500
3.703600
3.703700
3.703800
3.703900
3.704000
3.704100
3.704200
3.704300
3.704400
3.704500
3.704600
3.704700
3.704800
3.704900
3.705000
3.705100
3.705200
3.705300
3.705400
3.705500
3.705600
3.705700
3.705800
3.705900
3.706000
3.706100
3.706200
3.706300
3.706400
3.706500
3.706600
3.706700
3.706800
3.706900
3.707000
3.707100
3.707200
3.707300
3.707400
3.707500
3.707600
3.707700
3.707800
3.707900
3.708000
3.708100
3.708200
3.708300
3.708400
3.708500
3.708600
3.708700
3.708800
3.708900
3.709000
3.709100
3.709200
3.709300
3.709400
3.709500
3.709600
3.709700
3.709800
3.709900
3.710000
3.710100
3.710200
3.710300
3.710400
3.710500
3.710600
3.710700
3.710800
3.710900
3.711000
3.711100
3.711200
3.711300
3.711400
3.711500
3.711600
3.711700
3.711800
3.711900
3.712000
3.712100
3.712200
3.712300
3.712400
3.712500
3.712600
3.712700
3.712800
3.712900
3.713000
3.713100
3.713200
3.713300
3.713400
3.713500
3.713600
3.713700
3.713800
3.713900
3.714000
3.714100
3.714200
3.714300
3.714400
3.714500
3.714600
3.714700
3.714800
3.714900
3.715000
3.715100
3.715200
3.715300
3.715400
3.715500
3.715600
3.715700
3.715800
3.715900
3.716000
3.716100
3.716200
3.716300
3.716400
3.716500
3.716600
3.716700
3.716800
3.716900
3.717000
3.717100
3.717200
3.717300
3.717400
3.717500
3.717600
3.717700
3.717800
3.717900
3.718000
3.718100
3.718200
3.718300
3.718400
3.718500
3.718600
3.718700
3.718800
3.718900
3.719000
3.719100
3.719200
3.719300
3.719400
3.719500
3.719600
3.719700
3.719800
3.719900
3.720000
3.720100
3.720200
3.720300
3.720400
3.720500
3.720600
3.720700
3.720800
3.720900
3.721000
3.721100
3.721200
3.721300
3.721400
3.721500
3.721600
3.721700
3.721800
3.721900
3.722000
3.722100
3.722200
3.722300
3.722400
3.722500
3.722600
3.722700
3.722800
3.722900
3.723000
3.723100
3.723200
3.723300
3.723400
3.723500
3.723600
3.723700
3.723800
3.723900
3.724000
3.724100
3.724200
3.724300
3.724400
3.724500
3.724600
3.724700
3.724800
3.724900
3.725000
3.725100
3.725200
3.725300
3.725400
3.725500
3.725600
3.725700
3.725800
3.725900
3.726000
3.726100
3.726200
3.726300
3.726400
3.726500
3.726600
3.726700
3.726800
3.726900
3.727000
3.727100
3.727200
3.727300
3.727400
3.727500
3.727600
3.727700
3.727800
3.727900
3.728000
3.728100
3.728200
3.728300
3.728400
3.728500
3.728600
3.728700
3.728800
3.728900
3.729000
3.729100
3.729200
3.729300
3.729400
3.729500
3.729600
3.729700
3.729800
3.729900
3.730000
3.730100
3.730200
3.730300
3.730400
3.730500
3.730600
3.730700
3.730800
3.730900
3.731000
3.731100
3.731200
3.731300
3.731400
3.731500
3.731600
3.731700
3.731800
3.731900
3.732000
3.732100
3.732200
3.732300
3.732400
3.732500
3.732600
3.732700
3.732800
3.732900
3.733000
3.733100
3.733200
3.733300
3.733400
3.733500
3.733600
3.733700
3.733800
3.733900
3.734000
3.734100
3.734200
3.734300
3.734400
3.734500
3.734600
3.734700
3.734800
3.734900
3.735000
3.735100
3.735200
3.735300
3.735400
3.735500
3.735600
3.735700
3.735800
3.735900
3.736000
3.736100
3.736200
3.736300
3.736400
3.736500
3.736600
3.736700
3.736800
3.736900
3.737000
3.737100
3.737200
3.737300
3.737400
3.737500
3.737600
3.737700
3.737800
3.737900
3.738000
3.738100
3.738200
3.738300
3.738400
3.738500
3.738600
3.738700
3.738800
3.738900
3.739000
3.739100
3.739200
3.739300
3.739400
3.739500
3.739600
3.739700
3.739800
3.739900
3.740000
3.740100
3.740200
3.740300
3.740400
3.740500
3.740600
3.740700
3.740800
3.740900
3.741000
3.741100
3.741200
3.741300
3.741400
3.741500
3.741600
3.741700
3.741800
3.741900
3.742000
3.742100
3.742200
3.742300
3.742400
3.742500
3.742600
3.742700
3.742800
3.742900
3.743000
3.743100
3.743200
3.743300
3.743400
3.743500
3.743600
3.743700
3.743800
3.743900
3.744000
3.744100
3.744200
3.744300
3.744400
3.744500
3.744600
3.744700
3.744800
3.744900
3.745000
3.745100
3.745200
3.745300
3.745400
3.745500
3.745600
3.745700
3.745800
3.745900
3.746000
3.746100
3.746200
3.746300
3.746400
3.746500
3.746600
3.746700
3.746800
3.746900
3.747000
3.747100
3.747200
3.747300
3.747400
3.747500
3.747600
3.747700
3.747800
3.747900
3.748000
3.748100
3.748200
3.748300
3.748400
3.748500
3.748600
3.748700
3.748800
3.748900
3.749000
3.749100
3.749200
3.749300
3.749400
3.749500
3.749600
3.749700
3.749800
3.749900
3.750000
3.750100
3.750200
3.750300
3.750400
3.750500
3.750600
3.750700
3.750800
3.750900
3.751000
3.751100
3.751200
3.751300
3.751400
3.751500
3.751600
3.751700
3.751800
3.751900
3.752000
3.752100
3.752200
3.752300
3.752400
3.752500
3.752600
3.752700
3.752800
3.752900
3.753000
3.753100
3.753200
3.753300
3.753400
3.753500
3.753600
3.753700
3.753800
3.753900
3.754000
3.754100
3.754200
3.754300
3.754400
3.754500
3.754600
3.754700
3.754800
3.754900
3.755000
3.755100
3.755200
3.755300
3.755400
3.755500
3.755600
3.755700
3.755800
3.755900
3.756000
3.756100
3.756200
3.756300
3.756400
3.756500
3.756600
3.756700
3.756800
3.756900
3.757000
3.757100
3.757200
3.757300
3.757400
3.757500
3.757600
3.757700
3.757800
3.757900
3.758000
3.758100
3.758200
3.758300
3.758400
3.758500
3.758600
3.758700
3.758800
3.758900
3.759000
3.759100
3.759200
3.759300
3.759400
3.759500
3.759600
3.759700
3.759800
3.759900
3.760000
3.760100
3.760200
3.760300
3.760400
3.760500
3.760600
3.760700
3.760800
3.760900
3.761000
3.761100
3.761200
3.761300
3.761400
3.761500
3.761600
3.761700
3.761800
3.761900
3.762000
3.762100
3.762200
3.762300
3.762400
3.762500
3.762600
3.762700
3.762800
3.762900
3.763000
3.763100
3.763200
3.763300
3.763400
3.763500
3.763600
3.763700
3.763800
3.763900
3.764000
3.764100
3.764200
3.764300
3.764400
3.764500
3.764600
3.764700
3.764800
3.764900
3.765000
3.765100
3.765200
3.765300
3.765400
3.765500
3.765600
3.765700
3.765800
3.765900
3.766000
3.766100
3.766200
3.766300
3.766400
3.766500
3.766600
3.766700
3.766800
3.766900
3.767000
3.767100
3.767200
3.767300
3.767400
3.767500
3.767600
3.767700
3.767800
3.767900
3.768000
3.768100
3.768200
3.768300
3.768400
3.768500
3.768600
3.768700
3.768800
3.768900
3.769000
3.769100
3.769200
3.769300
3.769400
3.769500
3.769600
3.769700
3.769800
3.769900
3.770000
3.770100
3.770200
3.770300
3.770400
3.770500
3.770600
3.770700
3.770800
3.770900
3.771000
3.771100
3.771200
3.771300
3.771400
3.771500
3.771600
3.771700
3.771800
3.771900
3.772000
3.772100
3.772200
3.772300
3.772400
3.772500
3.772600
3.772700
3.772800
3.772900
3.773000
3.773100
3.773200
3.773300
3.773400
3.773500
3.773600
3.773700
3.773800
3.773900
3.774000
3.774100
3.774200
3.774300
3.774400
3.774500
3.774600
3.774700
3.774800
3.774900
3.775000
3.775100
3.775200
3.775300
3.775400
3.775500
3.775600
3.775700
3.775800
3.775900
3.776000
3.776100
3.776200
3.776300
3.776400
3.776500
3.776600
3.776700
3.776800
3.776900
3.777000
3.777100
3.777200
3.777300
3.777400
3.777500
3.777600
3.777700
3.777800
3.777900
3.778000
3.778100
3.778200
3.778300
3.778400
3.778500
3.778600
3.778700
3.778800
3.778900
3.779000
3.779100
3.779200
3.779300
3.779400
3.779500
3.779600
3.779700
3.779800
3.779900
3.780000
3.780100
3.780200
3.780300
3.780400
3.780500
3.780600
3.780700
3.780800
3.780900
3.781000
3.781100
3.781200
3.781300
3.781400
3.781500
3.781600
3.781700
3.781800
3.781900
3.782000
3.782100
3.782200
3.782300
3.782400
3.782500
3.782600
3.782700
3.782800
3.782900
3.783000
3.783100
3.783200
3.783300
3.783400
3.783500
3.783600
3.783700
3.783800
3.783900
3.784000
3.784100
3.784200
3.784300
3.784400
3.784500
3.784600
3.784700
3.784800
3.784900
3.785000
3.785100
3.785200
3.785300
3.785400
3.785500
3.785600
3.785700
3.785800
3.785900
3.786000
3.786100
3.786200
3.786300
3.786400
3.786500
3.786600
3.786700
3.786800
3.786900
3.787000
3.787100
3.787200
3.787300
3.787400
3.787500
3.787600
3.787700
3.787800
3.787900
3.788000
3.788100
3.788200
3.788300
3.788400
3.788500
3.788600
3.788700
3.788800
3.788900
3.789000
3.789100
3.789200
3.789300
3.789400
3.789500
3.789600
3.789700
3.789800
3.789900
3.790000
3.790100
3.790200
3.790300
3.790400
3.790500
3.790600
3.790700
3.790800
3.790900
3.791000
3.791100
3.791200
3.791300
3.791400
3.791500
3.791600
3.791700
3.791800
3.791900
3.792000
3.792100
3.792200
3.792300
3.792400
3.792500
3.792600
3.792700
3.792800
3.792900
3.793000
3.793100
3.793200
3.793300
3.793400
3.793500
3.793600
3.793700
3.793800
3.793900
3.794000
3.794100
3.794200
3.794300
3.794400
3.794500
3.794600
3.794700
3.794800
3.794900
3.795000
3.795100
3.795200
3.795300
3.795400
3.795500
3.795600
3.795700
3.795800
3.795900
3.796000
3.796100
3.796200
3.796300
3.796400
3.796500
3.796600
3.796700
3.796800
3.796900
3.797000
3.797100
3.797200
3.797300
3.797400
3.797500
3.797600
3.797700
3.797800
3.797900
3.798000
3.798100
3.798200
3.798300
3.798400
3.798500
3.798600
3.798700
3.798800
3.798900
3.799000
3.799100
3.799200
3.799300
3.799400
3.799500
3.799600
3.799700
3.799800
3.799900
3.800000
3.800100
3.800200
3.800300
3.800400
3.800500
3.800600
3.800700
3.800800
3.800900
3.801000
3.801100
3.801200
3.801300
3.801400
3.801500
3.801600
3.801700
3.801800
3.801900
3.802000
3.802100
3.802200
3.802300
3.802400
3.802500
3.802600
3.802700
3.802800
3.802900
3.803000
3.803100
3.803200
3.803300
3.803400
3.803500
3.803600
3.803700
3.803800
3.803900
3.804000
3.804100
3.804200
3.804300
3.804400
3.804500
3.804600
3.804700
3.804800
3.804900
3.805000
3.805100
3.805200
3.805300
3.805400
3.805500
3.805600
3.805700
3.805800
3.805900
3.806000
3.806100
3.806200
3.806300
3.806400
3.806500
3.806600
3.806700
3.806800
3.806900
3.807000
3.807100
3.807200
3.807300
3.807400
3.807500
3.807600
3.807700
3.807800
3.807900
3.808000
3.808100
3.808200
3.808300
3.808400
3.808500
3.808600
3.808700
3.808800
3.808900
3.809000
3.809100
3.809200
3.809300
3.809400
3.809500
3.809600
3.809700
3.809800
3.809900
3.810000
3.810100
3.810200
3.810300
3.810400
3.810500
3.810600
3.810700
3.810800
3.810900
3.811000
3.811100
3.811200
3.811300
3.811400
3.811500
3.811600
3.811700
3.811800
3.811900
3.812000
3.812100
3.812200
3.812300
3.812400
3.812500
3.812600
3.812700
3.812800
3.812900
3.813000
3.813100
3.813200
3.813300
3.813400
3.813500
3.813600
3.813700
3.813800
3.813900
3.814000
3.814100
3.814200
3.814300
3.814400
3.814500
3.814600
3.814700
3.814800
3.814900
3.815000
3.815100
3.815200
3.815300
3.815400
3.815500
3.815600
3.815700
3.815800
3.815900
3.816000
3.816100
3.816200
3.816300
3.816400
3.816500
3.816600
3.816700
3.816800
3.816900
3.817000
3.817100
3.817200
3.817300
3.817400
3.817500
3.817600
3.817700
3.817800
3.817900
3.818000
3.818100
3.818200
3.818300
3.818400
3.818500
3.818600
3.818700
3.818800
3.818900
3.819000
3.819100
3.819200
3.819300
3.819400
3.819500
3.819600
3.819700
3.819800
3.819900
3.820000
3.820100
3.820200
3.820300
3.820400
3.820500
3.820600
3.820700
3.820800
3.820900
3.821000
3.821100
3.821200
3.821300
3.821400
3.821500
3.821600
3.821700
3.821800
3.821900
3.822000
3.822100
3.822200
3.822300
3.822400
3.822500
3.822600
3.822700
3.822800
3.822900
3.823000
3.823100
3.823200
3.823300
3.823400
3.823500
3.823600
3.823700
3.823800
3.823900
3.824000
3.824100
3.824200
3.824300
3.824400
3.824500
3.824600
3.824700
3.824800
3.824900
3.825000
3.825100
3.825200
3.825300
3.825400
3.825500
3.825600
3.825700
3.825800
3.825900
3.826000
3.826100
3.826200
3.826300
3.826400
3.826500
3.826600
3.826700
3.826800
3.826900
3.827000
3.827100
3.827200
3.827300
3.827400
3.827500
3.827600
3.827700
3.827800
3.827900
3.828000
3.828100
3.828200
3.828300
3.828400
3.828500
3.828600
3.828700
3.828800
3.828900
3.829000
3.829100
3.829200
3.829300
3.829400
3.829500
3.829600
3.829700
3.829800
3.829900
3.830000
3.830100
3.830200
3.830300
3.830400
3.830500
3.830600
3.830700
3.830800
3.830900
3.831000
3.831100
3.831200
3.831300
3.831400
3.831500
3.831600
3.831700
3.831800
3.831900
3.832000
3.832100
3.832200
3.832300
3.832400
3.832500
3.832600
3.832700
3.832800
3.832900
3.833000
3.833100
3.833200
3.833300
3.833400
3.833500
3.833600
3.833700
3.833800
3.833900
3.834000
3.834100
3.834200
3.834300
3.834400
3.834500
3.834600
3.834700
3.834800
3.834900
3.835000
3.835100
3.835200
3.835300
3.835400
3.835500
3.835600
3.835700
3.835800
3.835900
3.836000
3.836100
3.836200
3.836300
3.836400
3.836500
3.836600
3.836700
3.836800
3.836900
3.837000
3.837100
3.837200
3.837300
3.837400
3.837500
3.837600
3.837700
3.837800
3.837900
3.838000
3.838100
3.838200
3.838300
3.838400
3.838500
3.838600
3.838700
3.838800
3.838900
3.839000
3.839100
3.839200
3.839300
3.839400
3.839500
3.839600
3.839700
3.839800
3.839900
3.840000
3.840100
3.840200
3.840300
3.840400
3.840500
3.840600
3.840700
3.840800
3.840900
3.841000
3.841100
3.841200
3.841300
3.841400
3.841500
3.841600
3.841700
3.841800
3.841900
3.842000
3.842100
3.842200
3.842300
3.842400
3.842500
3.842600
3.842700
3.842800
3.842900
3.843000
3.843100
3.843200
3.843300
3.843400
3.843500
3.843600
3.843700
3.843800
3.843900
3.844000
3.844100
3.844200
3.844300
3.844400
3.844500
3.844600
3.844700
3.844800
3.844900
3.845000
3.845100
3.845200
3.845300
3.845400
3.845500
3.845600
3.845700
3.845800
3.845900
3.846000
3.846100
3.846200
3.846300
3.846400
3.846500
3.846600
3.846700
3.846800
3.846900
3.847000
3.847100
3.847200
3.847300
3.847400
3.847500
3.847600
3.847700
3.847800
3.847900
3.848000
3.848100
3.848200
3.848300
3.848400
3.848500
3.848600
3.848700
3.848800
3.848900
3.849000
3.849100
3.849200
3.849300
3.849400
3.849500
3.849600
3.849700
3.849800
3.849900
3.850000
3.850100
3.850200
3.850300
3.850400
3.850500
3.850600
3.850700
3.850800
3.850900
3.851000
3.851100
3.851200
3.851300
3.851400
3.851500
3.851600
3.851700
3.851800
3.851900
3.852000
3.852100
3.852200
3.852300
3.852400
3.852500
3.852600
3.852700
3.852800
3.852900
3.853000
3.853100
3.853200
3.853300
3.853400
3.853500
3.853600
3.853700
3.853800
3.853900
3.854000
3.854100
3.854200
3.854300
3.854400
3.854500
3.854600
3.854700
3.854800
3.854900
3.855000
3.855100
3.855200
3.855300
3.855400
3.855500
3.855600
3.855700
3.855800
3.855900
3.856000
3.856100
3.856200
3.856300
3.856400
3.856500
3.856600
3.856700
3.856800
3.856900
3.857000
3.857100
3.857200
3.857300
3.857400
3.857500
3.857600
3.857700
3.857800
3.857900
3.858000
3.858100
3.858200
3.858300
3.858400
3.858500
3.858600
3.858700
3.858800
3.858900
3.859000
3.859100
3.859200
3.859300
3.859400
3.859500
3.859600
3.859700
3.859800
3.859900
3.860000
3.860100
3.860200
3.860300
3.860400
3.860500
3.860600
3.860700
3.860800
3.860900
3.861000
3.861100
3.861200
3.861300
3.861400
3.861500
3.861600
3.861700
3.861800
3.861900
3.862000
3.862100
3.862200
3.862300
3.862400
3.862500
3.862600
3.862700
3.862800
3.862900
3.863000
3.863100
3.863200
3.863300
3.863400
3.863500
3.863600
3.863700
3.863800
3.863900
3.864000
3.864100
3.864200
3.864300
3.864400
3.864500
3.864600
3.864700
3.864800
3.864900
3.865000
3.865100
3.865200
3.865300
3.865400
3.865500
3.865600
3.865700
3.865800
3.865900
3.866000
3.866100
3.866200
3.866300
3.866400
3.866500
3.866600
3.866700
3.866800
3.866900
3.867000
3.867100
3.867200
3.867300
3.867400
3.867500
3.867600
3.867700
3.867800
3.867900
3.868000
3.868100
3.868200
3.868300
3.868400
3.868500
3.868600
3.868700
3.868800
3.868900
3.869000
3.869100
3.869200
3.869300
3.869400
3.869500
3.869600
3.869700
3.869800
3.869900
3.870000
3.870100
3.870200
3.870300
3.870400
3.870500
3.870600
3.870700
3.870800
3.870900
3.871000
3.871100
3.871200
3.871300
3.871400
3.871500
3.871600
3.871700
3.871800
3.871900
3.872000
3.872100
3.872200
3.872300
3.872400
3.872500
3.872600
3.872700
3.872800
3.872900
3.873000
3.873100
3.873200
3.873300
3.873400
3.873500
3.873600
3.873700
3.873800
3.873900
3.874000
3.874100
3.874200
3.874300
3.874400
3.874500
3.874600
3.874700
3.874800
3.874900
3.875000
3.875100
3.875200
3.875300
3.875400
3.875500
3.875600
3.875700
3.875800
3.875900
3.876000
3.876100
3.876200
3.876300
3.876400
3.876500
3.876600
3.876700
3.876800
3.876900
3.877000
3.877100
3.877200
3.877300
3.877400
3.877500
3.877600
3.877700
3.877800
3.877900
3.878000
3.878100
3.878200
3.878300
3.878400
3.878500
3.878600
3.878700
3.878800
3.878900
3.879000
3.879100
3.879200
3.879300
3.879400
3.879500
3.879600
3.879700
3.879800
3.879900
3.880000
3.880100
3.880200
3.880300
3.880400
3.880500
3.880600
3.880700
3.880800
3.880900
3.881000
3.881100
3.881200
3.881300
3.881400
3.881500
3.881600
3.881700
3.881800
3.881900
3.882000
3.882100
3.882200
3.882300
3.882400
3.882500
3.882600
3.882700
3.882800
3.882900
3.883000
3.883100
3.883200
3.883300
3.883400
3.883500
3.883600
3.883700
3.883800
3.883900
3.884000
3.884100
3.884200
3.884300
3.884400
3.884500
3.884600
3.884700
3.884800
3.884900
3.885000
3.885100
3.885200
3.885300
3.885400
3.885500
3.885600
3.885700
3.885800
3.885900
3.886000
3.886100
3.886200
3.886300
3.886400
3.886500
3.886600
3.886700
3.886800
3.886900
3.887000
3.887100
3.887200
3.887300
3.887400
3.887500
3.887600
3.887700
3.887800
3.887900
3.888000
3.888100
3.888200
3.888300
3.888400
3.888500
3.888600
3.888700
3.888800
3.888900
3.889000
3.889100
3.889200
3.889300
3.889400
3.889500
3.889600
3.889700
3.889800
3.889900
3.890000
3.890100
3.890200
3.890300
3.890400
3.890500
3.890600
3.890700
3.890800
3.890900
3.891000
3.891100
3.891200
3.891300
3.891400
3.891500
3.891600
3.891700
3.891800
3.891900
3.892000
3.892100
3.892200
3.892300
3.892400
3.892500
3.892600
3.892700
3.892800
3.892900
3.893000
3.893100
3.893200
3.893300
3.893400
3.893500
3.893600
3.893700
3.893800
3.893900
3.894000
3.894100
3.894200
3.894300
3.894400
3.894500
3.894600
3.894700
3.894800
3.894900
3.895000
3.895100
3.895200
3.895300
3.895400
3.895500
3.895600
3.895700
3.895800
3.895900
3.896000
3.896100
3.896200
3.896300
3.896400
3.896500
3.896600
3.896700
3.896800
3.896900
3.897000
3.897100
3.897200
3.897300
3.897400
3.897500
3.897600
3.897700
3.897800
3.897900
3.898000
3.898100
3.898200
3.898300
3.898400
3.898500
3.898600
3.898700
3.898800
3.898900
3.899000
3.899100
3.899200
3.899300
3.899400
3.899500
3.899600
3.899700
3.899800
3.899900
3.900000
3.900100
3.900200
3.900300
3.900400
3.900500
3.900600
3.900700
3.900800
3.900900
3.901000
3.901100
3.901200
3.901300
3.901400
3.901500
3.901600
3.901700
3.901800
3.901900
3.902000
3.902100
3.902200
3.902300
3.902400
3.902500
3.902600
3.902700
3.902800
3.902900
3.903000
3.903100
3.903200
3.903300
3.903400
3.903500
3.903600
3.903700
3.903800
3.903900
3.904000
3.904100
3.904200
3.904300
3.904400
3.904500
3.904600
3.904700
3.904800
3.904900
3.905000
3.905100
3.905200
3.905300
3.905400
3.905500
3.905600
3.905700
3.905800
3.905900
3.906000
3.906100
3.906200
3.906300
3.906400
3.906500
3.906600
3.906700
3.906800
3.906900
3.907000
3.907100
3.907200
3.907300
3.907400
3.907500
3.907600
3.907700
3.907800
3.907900
3.908000
3.908100
3.908200
3.908300
3.908400
3.908500
3.908600
3.908700
3.908800
3.908900
3.909000
3.909100
3.909200
3.909300
3.909400
3.909500
3.909600
3.909700
3.909800
3.909900
3.910000
3.910100
3.910200
3.910300
3.910400
3.910500
3.910600
3.910700
3.910800
3.910900
3.911000
3.911100
3.911200
3.911300
3.911400
3.911500
3.911600
3.911700
3.911800
3.911900
3.912000
3.912100
3.912200
3.912300
3.912400
3.912500
3.912600
3.912700
3.912800
3.912900
3.913000
3.913100
3.913200
3.913300
3.913400
3.913500
3.913600
3.913700
3.913800
3.913900
3.914000
3.914100
3.914200
3.914300
3.914400
3.914500
3.914600
3.914700
3.914800
3.914900
3.915000
3.915100
3.915200
3.915300
3.915400
3.915500
3.915600
3.915700
3.915800
3.915900
3.916000
3.916100
3.916200
3.916300
3.916400
3.916500
3.916600
3.916700
3.916800
3.916900
3.917000
3.917100
3.917200
3.917300
3.917400
3.917500
3.917600
3.917700
3.917800
3.917900
3.918000
3.918100
3.918200
3.918300
3.918400
3.918500
3.918600
3.918700
3.918800
3.918900
3.919000
3.919100
3.919200
3.919300
3.919400
3.919500
3.919600
3.919700
3.919800
3.919900
3.920000
3.920100
3.920200
3.920300
3.920400
3.920500
3.920600
3.920700
3.920800
3.920900
3.921000
3.921100
3.921200
3.921300
3.921400
3.921500
3.921600
3.921700
3.921800
3.921900
3.922000
3.922100
3.922200
3.922300
3.922400
3.922500
3.922600
3.922700
3.922800
3.922900
3.923000
3.923100
3.923200
3.923300
3.923400
3.923500
3.923600
3.923700
3.923800
3.923900
3.924000
3.924100
3.924200
3.924300
3.924400
3.924500
3.924600
3.924700
3.924800
3.924900
3.925000
3.925100
3.925200
3.925300
3.925400
3.925500
3.925600
3.925700
3.925800
3.925900
3.926000
3.926100
3.926200
3.926300
3.926400
3.926500
3.926600
3.926700
3.926800
3.926900
3.927000
3.927100
3.927200
3.927300
3.927400
3.927500
3.927600
3.927700
3.927800
3.927900
3.928000
3.928100
3.928200
3.928300
3.928400
3.928500
3.928600
3.928700
3.928800
3.928900
3.929000
3.929100
3.929200
3.929300
3.929400
3.929500
3.929600
3.929700
3.929800
3.929900
3.930000
3.930100
3.930200
3.930300
3.930400
3.930500
3.930600
3.930700
3.930800
3.930900
3.931000
3.931100
3.931200
3.931300
3.931400
3.931500
3.931600
3.931700
3.931800
3.931900
3.932000
3.932100
3.932200
3.932300
3.932400
3.932500
3.932600
3.932700
3.932800
3.932900
3.933000
3.933100
3.933200
3.933300
3.933400
3.933500
3.933600
3.933700
3.933800
3.933900
3.934000
3.934100
3.934200
3.934300
3.934400
3.934500
3.934600
3.934700
3.934800
3.934900
3.935000
3.935100
3.935200
3.935300
3.935400
3.935500
3.935600
3.935700
3.935800
3.935900
3.936000
3.936100
3.936200
3.936300
3.936400
3.936500
3.936600
3.936700
3.936800
3.936900
3.937000
3.937100
3.937200
3.937300
3.937400
3.937500
3.937600
3.937700
3.937800
3.937900
3.938000
3.938100
3.938200
3.938300
3.938400
3.938500
3.938600
3.938700
3.938800
3.938900
3.939000
3.939100
3.939200
3.939300
3.939400
3.939500
3.939600
3.939700
3.939800
3.939900
3.940000
3.940100
3.940200
3.940300
3.940400
3.940500
3.940600
3.940700
3.940800
3.940900
3.941000
3.941100
3.941200
3.941300
3.941400
3.941500
3.941600
3.941700
3.941800
3.941900
3.942000
3.942100
3.942200
3.942300
3.942400
3.942500
3.942600
3.942700
3.942800
3.942900
3.943000
3.943100
3.943200
3.943300
3.943400
3.943500
3.943600
3.943700
3.943800
3.943900
3.944000
3.944100
3.944200
3.944300
3.944400
3.944500
3.944600
3.944700
3.944800
3.944900
3.945000
3.945100
3.945200
3.945300
3.945400
3.945500
3.945600
3.945700
3.945800
3.945900
3.946000
3.946100
3.946200
3.946300
3.946400
3.946500
3.946600
3.946700
3.946800
3.946900
3.947000
3.947100
3.947200
3.947300
3.947400
3.947500
3.947600
3.947700
3.947800
3.947900
3.948000
3.948100
3.948200
3.948300
3.948400
3.948500
3.948600
3.948700
3.948800
3.948900
3.949000
3.949100
3.949200
3.949300
3.949400
3.949500
3.949600
3.949700
3.949800
3.949900
3.950000
3.950100
3.950200
3.950300
3.950400
3.950500
3.950600
3.950700
3.950800
3.950900
3.951000
3.951100
3.951200
3.951300
3.951400
3.951500
3.951600
3.951700
3.951800
3.951900
3.952000
3.952100
3.952200
3.952300
3.952400
3.952500
3.952600
3.952700
3.952800
3.952900
3.953000
3.953100
3.953200
3.953300
3.953400
3.953500
3.953600
3.953700
3.953800
3.953900
3.954000
3.954100
3.954200
3.954300
3.954400
3.954500
3.954600
3.954700
3.954800
3.954900
3.955000
3.955100
3.955200
3.955300
3.955400
3.955500
3.955600
3.955700
3.955800
3.955900
3.956000
3.956100
3.956200
3.956300
3.956400
3.956500
3.956600
3.956700
3.956800
3.956900
3.957000
3.957100
3.957200
3.957300
3.957400
3.957500
3.957600
3.957700
3.957800
3.957900
3.958000
3.958100
3.958200
3.958300
3.958400
3.958500
3.958600
3.958700
3.958800
3.958900
3.959000
3.959100
3.959200
3.959300
3.959400
3.959500
3.959600
3.959700
3.959800
3.959900
3.960000
3.960100
3.960200
3.960300
3.960400
3.960500
3.960600
3.960700
3.960800
3.960900
3.961000
3.961100
3.961200
3.961300
3.961400
3.961500
3.961600
3.961700
3.961800
3.961900
3.962000
3.962100
3.962200
3.962300
3.962400
3.962500
3.962600
3.962700
3.962800
3.962900
3.963000
3.963100
3.963200
3.963300
3.963400
3.963500
3.963600
3.963700
3.963800
3.963900
3.964000
3.964100
3.964200
3.964300
3.964400
3.964500
3.964600
3.964700
3.964800
3.964900
3.965000
3.965100
3.965200
3.965300
3.965400
3.965500
3.965600
3.965700
3.965800
3.965900
3.966000
3.966100
3.966200
3.966300
3.966400
3.966500
3.966600
3.966700
3.966800
3.966900
3.967000
3.967100
3.967200
3.967300
3.967400
3.967500
3.967600
3.967700
3.967800
3.967900
3.968000
3.968100
3.968200
3.968300
3.968400
3.968500
3.968600
3.968700
3.968800
3.968900
3.969000
3.969100
3.969200
3.969300
3.969400
3.969500
3.969600
3.969700
3.969800
3.969900
3.970000
3.970100
3.970200
3.970300
3.970400
3.970500
3.970600
3.970700
3.970800
3.970900
3.971000
3.971100
3.971200
3.971300
3.971400
3.971500
3.971600
3.971700
3.971800
3.971900
3.972000
3.972100
3.972200
3.972300
3.972400
3.972500
3.972600
3.972700
3.972800
3.972900
3.973000
3.973100
3.973200
3.973300
3.973400
3.973500
3.973600
3.973700
3.973800
3.973900
3.974000
3.974100
3.974200
3.974300
3.974400
3.974500
3.974600
3.974700
3.974800
3.974900
3.975000
3.975100
3.975200
3.975300
3.975400
3.975500
3.975600
3.975700
3.975800
3.975900
3.976000
3.976100
3.976200
3.976300
3.976400
3.976500
3.976600
3.976700
3.976800
3.976900
3.977000
3.977100
3.977200
3.977300
3.977400
3.977500
3.977600
3.977700
3.977800
3.977900
3.978000
3.978100
3.978200
3.978300
3.978400
3.978500
3.978600
3.978700
3.978800
3.978900
3.979000
3.979100
3.979200
3.979300
3.979400
3.979500
3.979600
3.979700
3.979800
3.979900
3.980000
3.980100
3.980200
3.980300
3.980400
3.980500
3.980600
3.980700
3.980800
3.980900
3.981000
3.981100
3.981200
3.981300
3.981400
3.981500
3.981600
3.981700
3.981800
3.981900
3.982000
3.982100
3.982200
3.982300
3.982400
3.982500
3.982600
3.982700
3.982800
3.982900
3.983000
3.983100
3.983200
3.983300
3.983400
3.983500
3.983600
3.983700
3.983800
3.983900
3.984000
3.984100
3.984200
3.984300
3.984400
3.984500
3.984600
3.984700
3.984800
3.984900
3.985000
3.985100
3.985200
3.985300
3.985400
3.985500
3.985600
3.985700
3.985800
3.985900
3.986000
3.986100
3.986200
3.986300
3.986400
3.986500
3.986600
3.986700
3.986800
3.986900
3.987000
3.987100
3.987200
3.987300
3.987400
3.987500
3.987600
3.987700
3.987800
3.987900
3.988000
3.988100
3.988200
3.988300
3.988400
3.988500
3.988600
3.988700
3.988800
3.988900
3.989000
3.989100
3.989200
3.989300
3.989400
3.989500
3.989600
3.989700
3.989800
3.989900
3.990000
3.990100
3.990200
3.990300
3.990400
3.990500
3.990600
3.990700
3.990800
3.990900
3.991000
3.991100
3.991200
3.991300
3.991400
3.991500
3.991600
3.991700
3.991800
3.991900
3.992000
3.992100
3.992200
3.992300
3.992400
3.992500
3.992600
3.992700
3.992800
3.992900
3.993000
3.993100
3.993200
3.993300
3.993400
3.993500
3.993600
3.993700
3.993800
3.993900
3.994000
3.994100
3.994200
3.994300
3.994400
3.994500
3.994600
3.994700
3.994800
3.994900
3.995000
3.995100
3.995200
3.995300
3.995400
3.995500
3.995600
3.995700
3.995800
3.995900
3.996000
3.996100
3.996200
3.996300
3.996400
3.996500
3.996600
3.996700
3.996800
3.996900
3.997000
3.997100
3.997200
3.997300
3.997400
3.997500
3.997600
3.997700
3.997800
3.997900
3.998000
3.998100
3.998200
3.998300
3.998400
3.998500
3.998600
3.998700
3.998800
3.998900
3.999000
3.999100
3.999200
3.999300
3.999400
3.999500
3.999600
3.999700
3.999800
3.999900
4.000000
4.000100
4.000200
4.000300
4.000400
4.000500
4.000600
4.000700
4.000800
4.000900
4.001000
4.001100
4.001200
4.001300
4.001400
4.001500
4.001600
4.001700
4.001800
4.001900
4.002000
4.002100
4.002200
4.002300
4.002400
4.002500
4.002600
4.002700
4.002800
4.002900
4.003000
4.003100
4.003200
4.003300
4.003400
4.003500
4.003600
4.003700
4.003800
4.003900
4.004000
4.004100
4.004200
4.004300
4.004400
4.004500
4.004600
4.004700
4.004800
4.004900
4.005000
4.005100
4.005200
4.005300
4.005400
4.005500
4.005600
4.005700
4.005800
4.005900
4.006000
4.006100
4.006200
4.006300
4.006400
4.006500
4.006600
4.006700
4.006800
4.006900
4.007000
4.007100
4.007200
4.007300
4.007400
4.007500
4.007600
4.007700
4.007800
4.007900
4.008000
4.008100
4.008200
4.008300
4.008400
4.008500
4.008600
4.008700
4.008800
4.008900
4.009000
4.009100
4.009200
4.009300
4.009400
4.009500
4.009600
4.009700
4.009800
4.009900
4.010000
4.010100
4.010200
4.010300
4.010400
4.010500
4.010600
4.010700
4.010800
4.010900
4.011000
4.011100
4.011200
4.011300
4.011400
4.011500
4.011600
4.011700
4.011800
4.011900
4.012000
4.012100
4.012200
4.012300
4.012400
4.012500
4.012600
4.012700
4.012800
4.012900
4.013000
4.013100
4.013200
4.013300
4.013400
4.013500
4.013600
4.013700
4.013800
4.013900
4.014000
4.014100
4.014200
4.014300
4.014400
4.014500
4.014600
4.014700
4.014800
4.014900
