3.981875
3.826821
4.972353
4.742226
4.285379
3.146722
3.993860
4.767352
5.167401
5.275218
4.069428
4.025417
4.382379
4.636501
4.694368
4.426295
4.112005
5.212383
4.751634
4.466386
4.884829
4.199265
4.007198
5.097102
3.724893
3.108188
3.678536
5.403057
4.932901
4.325688
5.878770
5.196293
4.749997
3.582384
3.921175
4.719421
4.715895
4.309189
3.984282
4.838346
4.968564
4.769684
3.554168
4.292186
4.303553
4.743879
4.154385
3.325845
4.623753
4.951970
3.952368
3.353772
3.429590
4.068765
3.843668
4.070191
4.823914
3.418508
3.810168
5.638165
4.831719
4.248921
4.094289
4.238345
4.904558
4.297870
4.822082
4.540919
4.289263
4.150678
4.644498
5.461044
5.354736
4.935120
4.703588
4.472342
4.819993
3.722467
4.180915
4.207127
4.578174
4.531283
3.868000
5.080639
3.990967
4.049658
5.167948
5.362689
4.956764
4.460412
4.805298
4.737705
4.773671
4.713236
4.874968
4.488580
4.250612
4.926816
4.837546
4.119796
3.721349
4.514192
5.409178
5.139214
4.568021
4.861409
4.516970
4.638369
4.686766
4.354254
4.229837
5.291001
4.995041
5.132390
3.982361
3.883531
4.393050
4.801385
4.616852
4.873138
4.174745
3.850098
4.588647
4.053962
4.328463
4.360556
4.566762
4.348305
4.271442
4.059606
4.428386
4.323207
4.235679
4.515139
4.777126
4.517287
4.423400
4.648741
4.564081
4.318417
4.297617
3.886595
3.894151
4.731996
4.202434
4.357738
4.377725
4.106111
4.405364
4.196416
4.129613
4.215656
4.424343
4.330777
4.055560
3.735793
4.095468
4.786193
4.129987
3.790102
4.164181
4.495879
4.387096
4.177188
4.307513
4.226655
4.054317
4.221977
4.127702
3.948546
4.160297
4.086120
3.765955
4.278932
4.568630
4.033276
3.997046
4.338318
4.471660
4.346415
3.767550
4.039772
4.184165
3.596094
4.102029
4.277949
4.015018
4.181370
3.956751
3.887388
4.417890
4.470494
4.177170
4.229402
4.409367
4.497894
4.102771
3.657048
3.419904
3.302595
3.501749
3.757374
3.738814
3.358977
3.796490
3.751968
3.710068
3.969763
4.090431
4.139307
4.630915
4.254618
3.667585
3.554676
3.902696
3.823695
3.181059
3.152831
3.824959
3.715651
3.815308
4.215672
4.031842
3.909304
4.202894
4.084661
4.020165
4.427728
4.114394
4.238486
4.552007
4.332938
4.627504
4.532202
4.653580
4.459009
4.359387
4.457306
4.130126
4.151328
4.210291
4.209767
3.955766
3.955060
4.077379
4.085808
4.083379
4.229121
4.542722
4.663379
4.570946
4.736606
4.646904
4.610653
4.600993
4.898840
5.089952
4.732427
4.530059
4.853035
4.419844
4.564313
4.621358
4.420567
4.319589
4.302007
4.456774
4.088021
4.345065
4.449641
4.108211
3.603523
3.614478
3.809146
3.821303
4.041687
4.050916
4.412081
4.495955
4.443106
4.641219
4.690796
4.583039
4.449110
4.525705
4.728001
4.412388
4.571133
4.725639
4.754862
4.370713
4.255617
4.415066
4.277201
4.536129
4.509475
4.103836
4.308203
4.583376
4.392531
4.561370
4.497173
4.313427
4.437230
4.258397
4.438409
4.367236
4.033893
4.261878
4.170660
3.828316
4.104861
3.743007
3.529491
3.662584
3.486325
3.499336
3.660202
3.810088
4.185899
4.464261
4.594937
4.504574
4.462961
4.344249
4.549824
4.349804
4.440475
4.514370
4.609030
4.499521
4.310838
4.386915
4.503249
4.755814
4.625392
4.704069
4.518870
4.461737
4.606339
4.547998
4.385853
4.339266
4.482106
4.514187
4.558752
4.872047
4.704607
4.813786
4.737983
4.609506
4.704081
4.606917
4.831414
4.880062
4.337794
4.387559
4.416340
4.427913
4.569239
4.412910
4.379950
4.344644
4.336988
4.444945
4.411497
4.442572
4.304183
4.310392
4.260477
4.130045
3.885963
3.842341
3.775402
3.539488
3.314621
3.467349
3.602791
3.786345
3.950316
3.765068
3.756696
4.014924
4.330688
4.255984
4.293083
4.456359
4.573183
4.566897
4.730165
4.843538
4.664269
4.640635
4.629822
4.720319
4.689206
4.858763
4.833008
4.898703
4.915212
4.888086
4.914009
4.952410
4.967079
4.909590
4.882920
4.686189
4.629211
4.850614
4.889996
4.701564
4.579537
4.821470
4.622421
4.538590
4.507928
4.672446
4.377439
4.276865
4.175095
3.886966
3.761040
3.422313
3.007212
2.919401
2.874974
2.982906
3.085563
3.321206
3.541540
3.762846
3.947758
4.221412
4.351539
4.321983
4.348090
4.383417
4.279931
4.550520
4.500890
4.533772
4.478806
4.415320
4.426599
4.525814
4.460063
4.578315
4.444484
4.295921
4.339502
4.197204
4.228343
4.264889
4.189727
4.279513
4.352358
4.175863
4.031031
3.765554
3.730664
3.456620
3.242742
2.961726
2.742423
2.525984
2.560853
2.806876
3.027516
3.212020
3.531479
3.683834
3.907684
4.163050
4.289133
4.246132
4.338448
4.296672
4.189841
4.357997
4.454894
4.482320
4.579087
4.598283
4.474739
4.652378
4.674443
4.559783
4.541550
4.525667
4.629397
4.657370
4.809304
4.790468
4.573267
4.711561
4.624282
4.610885
4.773120
4.682246
4.740419
4.792158
4.832736
4.866039
4.976233
4.810806
4.686529
4.820949
4.817677
4.676578
4.851537
4.806197
4.622717
4.814462
4.764435
4.795998
4.929987
4.740137
4.787280
4.921537
4.881947
4.842573
4.908004
4.966421
4.763725
4.729875
4.684816
4.751999
4.805078
4.932640
4.847221
4.668680
4.600188
4.495265
4.592397
4.671531
4.757387
4.937751
4.765252
4.783536
4.974328
4.733328
4.794468
4.772911
4.809727
4.838252
4.932329
4.774171
4.460544
4.679914
4.919262
4.886416
4.885183
4.945125
4.819440
4.904712
5.003978
4.921379
4.791310
4.701723
4.661283
4.827552
4.816792
4.633155
4.676140
4.781660
4.771270
4.649566
4.758538
4.654574
4.704595
4.724997
4.814057
4.831318
4.847531
4.619487
4.628765
4.652709
4.617445
4.800575
4.697862
4.585612
4.659009
4.582272
4.645900
4.740192
4.640877
4.680300
4.688221
4.763337
4.662791
4.495675
4.473539
4.596982
4.544825
4.496761
4.486256
4.476629
4.682722
4.634055
4.492142
4.329564
4.154343
4.088936
3.979931
3.801355
3.603691
3.497337
3.564037
3.581245
3.868573
3.838902
4.000607
4.026932
4.137406
4.290686
4.277362
4.513044
4.526164
4.426838
4.433497
4.681789
4.731912
4.707815
4.723492
4.670620
4.704607
4.642729
4.560559
4.566106
4.578345
4.680273
4.708162
4.683446
4.664000
4.601087
4.668732
4.678465
4.669071
4.653615
4.611633
4.771050
4.767486
4.762135
4.849406
4.736767
4.928141
4.706967
4.842904
4.914289
4.784042
4.778065
4.634042
4.611861
4.667056
4.704462
4.747097
4.818628
4.919130
4.882785
4.797882
4.727606
4.763914
4.711702
4.742502
4.787288
4.701426
4.766130
4.763625
4.868901
4.843608
4.829323
4.966273
4.965428
4.917548
4.811602
4.843011
4.767906
4.818193
4.865359
4.774892
4.862953
4.652143
4.591490
4.648800
4.639010
4.685367
4.727306
4.735330
4.657264
4.666937
4.649572
4.632288
4.533571
4.727563
4.639373
4.694467
4.672324
4.695460
4.759514
4.713869
4.701014
4.792630
4.876319
4.698972
4.791984
4.719351
4.740710
4.739880
4.584749
4.767744
4.687919
4.571333
4.624992
4.662615
4.703823
4.729161
4.817475
4.881886
4.884243
4.808982
4.698463
4.960334
4.954803
4.911997
4.858594
4.826587
4.714295
4.821978
4.775894
4.696239
4.711258
4.645896
4.808536
4.733549
4.560452
4.458670
4.498659
4.386682
4.475228
4.507242
4.706085
4.795574
4.581444
4.588724
4.696156
4.670292
4.442758
4.629169
4.681738
4.548103
4.675596
4.807098
4.796146
4.714285
4.661821
4.634388
4.598441
4.496106
4.597753
4.707941
4.571674
4.562151
4.585370
4.593513
4.527584
4.600202
4.666154
4.631174
4.672761
4.697384
4.526275
4.553864
4.534673
4.493476
4.626476
4.681414
4.642880
4.750800
4.625940
4.587898
4.519613
4.655624
4.613413
4.427561
4.463711
4.512075
4.490459
4.474312
4.470461
4.556006
4.593934
4.567553
4.466181
4.421856
4.507319
4.556710
4.573520
4.513439
4.460629
4.438116
4.460658
4.425576
4.450726
4.546120
4.422471
4.488418
4.631560
4.547838
4.391934
4.461111
4.440697
4.250059
4.212181
4.319179
4.325361
4.332362
4.322545
4.302232
4.285067
4.342288
4.230613
4.334332
4.381750
4.308693
4.320368
4.370288
4.361356
4.465430
4.521116
4.636241
4.676967
4.563260
4.570493
4.585679
4.499956
4.367164
4.281993
4.204884
4.256353
4.222051
4.397644
4.372750
4.299393
4.438728
4.299653
4.440825
4.501309
4.328931
4.121623
3.967007
3.707265
3.527291
3.521102
3.469777
3.655245
3.815148
3.911405
4.079790
4.204915
4.157232
4.230990
4.225217
4.325958
4.328052
4.252962
4.266085
4.245710
4.488745
4.529012
4.421087
4.440100
4.498556
4.479326
4.611862
4.522811
4.500369
4.532593
4.508866
4.530723
4.455496
4.506969
4.576196
4.560775
4.505280
4.413011
4.375537
4.518413
4.321995
4.450688
4.555387
4.473821
4.603723
4.707199
4.627167
4.340931
4.383300
4.378157
4.459220
4.435925
4.467694
4.509209
4.573308
4.600685
4.653450
4.684681
4.560282
4.544591
4.623476
4.644919
4.598367
4.604862
4.514837
4.540785
4.694209
4.533296
4.464294
4.522029
4.584026
4.544322
4.612857
4.691912
4.694136
4.676418
4.644521
4.702844
4.701197
4.624275
4.486227
4.543726
4.597168
4.622057
4.637661
4.714567
4.682565
4.650691
4.578810
4.636675
4.555972
4.562887
4.545521
4.665802
4.557164
4.677079
4.813897
4.575024
4.502018
4.454818
4.449552
4.546785
4.637175
4.691416
4.630432
4.631681
4.641122
4.581439
4.608595
4.585598
4.613393
4.638606
4.658560
4.574933
4.741797
4.671299
4.509695
4.506959
4.429908
4.383708
4.449832
4.397902
4.432327
4.441606
4.518828
4.578039
4.691467
4.689459
4.607817
4.536492
4.559474
4.618779
4.592041
4.623241
4.726704
4.733017
4.676436
4.621038
4.595768
4.536120
4.593843
4.612295
4.611661
4.576510
4.478353
4.404873
4.529853
4.558177
4.566177
4.699152
4.683476
4.564324
4.551922
4.620909
4.639425
4.590533
4.489293
4.537559
4.567746
4.560202
4.615826
4.639024
4.583109
4.568106
4.621915
4.586096
4.648452
4.699970
4.770379
4.787155
4.748755
4.717210
4.697766
4.654890
4.677264
4.643142
4.618577
4.625123
4.697313
4.692413
4.570839
4.553476
4.542618
4.618547
4.709038
4.608292
4.596721
4.683901
4.610134
4.605168
4.527050
4.484116
4.609171
4.595805
4.600949
4.462399
4.548899
4.528375
4.567425
4.627136
4.657589
4.742439
4.795742
4.830303
4.731316
4.716970
4.753126
4.643245
4.638645
4.524720
4.651125
4.665295
4.665302
4.692752
4.563412
4.600037
4.579481
4.636430
4.790755
4.769992
4.662514
4.583977
4.532300
4.411771
4.582050
4.723035
4.694346
4.742210
4.839977
4.897934
4.848084
4.839341
4.834119
4.878566
4.757605
4.677852
4.747864
4.618589
4.579449
4.616007
4.531994
4.605529
4.712918
4.722806
4.712959
4.748955
4.696310
4.662772
4.699288
4.660642
4.683103
4.738332
4.709202
4.663187
4.656038
4.588560
4.635606
4.763237
4.689118
4.578134
4.616516
4.573067
4.713101
4.672124
4.609894
4.632991
4.654824
4.645098
4.641031
4.727757
4.696238
4.618662
4.734147
4.646629
4.650467
4.687344
4.631825
4.632149
4.702000
4.638184
4.739983
4.750360
4.694772
4.733492
4.737652
4.739867
4.816643
4.698731
4.678561
4.704533
4.647005
4.662425
4.731651
4.751276
4.712304
4.744941
4.752505
4.706624
4.821128
4.800173
4.796669
4.787397
4.604445
4.665815
4.630919
4.689663
4.704448
4.715454
4.702650
4.776876
4.766384
4.698737
4.728846
4.812011
4.859100
4.774402
4.734951
4.658073
4.606565
4.565006
4.547994
4.584776
4.603487
4.686208
4.619198
4.549639
4.709618
4.602275
4.666054
4.649951
4.673910
4.667673
4.656027
4.623536
4.655348
4.669094
4.610362
4.596913
4.699183
4.624333
4.604007
4.656382
4.603722
4.613747
4.653618
4.605991
4.571311
4.686088
4.707489
4.625806
4.647247
4.612879
4.486956
4.479965
4.456704
4.549674
4.582205
4.566733
4.575334
4.541445
4.534721
4.539618
4.464192
4.583086
4.555168
4.537108
4.578002
4.519416
4.622293
4.522902
4.481742
4.594567
4.523978
4.514320
4.612849
4.521041
4.520443
4.472494
4.571184
4.572603
4.409199
4.525724
4.570404
4.437001
4.443722
4.427509
4.477204
4.510861
4.438999
4.414684
4.425096
4.460853
4.396255
4.427233
4.400437
4.503539
4.525042
4.504131
4.501968
4.511674
4.453162
4.428814
4.452710
4.408461
4.445869
4.388276
4.440985
4.351164
4.346361
4.394114
4.391463
4.432281
4.409690
4.420268
4.387080
4.383961
4.365436
4.372922
4.439830
4.522822
4.453244
4.458993
4.459188
4.432030
4.365091
4.440025
4.436726
4.371841
4.400793
4.391676
4.243466
4.369507
4.377459
4.372237
4.359334
4.475820
4.538668
4.516490
4.467547
4.518857
4.469020
4.477477
4.521094
4.470311
4.458343
4.471398
4.440100
4.442336
4.372791
4.398103
4.425670
4.365420
4.390034
4.429822
4.442705
4.513880
4.432674
4.458181
4.441201
4.327651
4.418808
4.482045
4.438702
4.411246
4.333843
4.343518
4.378969
4.347447
4.362168
4.354404
4.379332
4.347469
4.236879
4.313895
4.332680
4.343169
4.385581
4.342606
4.296215
4.266010
4.254776
4.184324
4.181308
4.213160
4.261432
4.268396
4.224578
4.258532
4.202061
4.184645
4.051368
4.002423
4.061655
3.988331
3.799550
3.674464
3.417097
3.271555
3.303028
3.458467
3.542337
3.592454
3.714541
3.851209
3.928087
3.993165
4.025564
4.005022
3.989753
4.162025
4.218496
4.177379
4.195522
4.220959
4.280922
4.234848
4.209479
4.275758
4.193040
4.253557
4.371014
4.335148
4.250067
4.249253
4.209431
4.195016
4.238905
4.268787
4.368944
4.415787
4.329610
4.364183
4.300483
4.375336
4.411846
4.364213
4.354386
4.374209
4.420707
4.417987
4.402461
4.358400
4.406676
4.320140
4.250888
4.399849
4.335243
4.266553
4.248081
4.201873
4.151416
4.162058
4.173386
4.188815
4.262869
4.271609
4.296958
4.337697
4.410677
4.311144
4.278256
4.343302
4.351191
4.314960
4.306758
4.320925
4.277905
4.272636
4.222542
4.298491
4.348211
4.367616
4.449918
4.360268
4.373858
4.429046
4.381929
4.443298
4.420160
4.406209
4.454198
4.252308
4.215710
4.184094
4.268914
4.300072
4.381034
4.424028
4.401907
4.384490
4.368459
4.348662
4.405756
4.425364
4.390436
4.421149
4.384586
4.463757
4.422315
4.412924
4.498093
4.455849
4.439631
4.372644
4.315524
4.286617
4.262163
4.296754
4.271201
4.211234
4.259836
4.269544
4.275261
4.344930
4.362451
4.289469
4.330449
4.400071
4.306399
4.196677
4.286398
4.253708
4.199812
4.164758
4.184537
4.298073
4.363457
4.366759
4.283908
4.213962
4.177159
4.170828
4.204940
4.186824
4.119157
4.184304
4.204445
4.262320
4.347137
4.242838
4.274818
4.302548
4.363962
4.372122
4.253799
4.296738
4.281636
4.235061
4.353191
4.292271
4.231254
4.196977
4.193677
4.156665
4.144241
4.143739
4.097406
4.146276
4.208273
4.233202
4.261198
4.227270
4.203694
4.181254
4.168117
4.184406
4.245947
4.213817
4.203657
4.307010
4.226805
4.262767
4.268052
4.302406
4.390443
4.266761
4.262714
4.154892
4.114452
4.171810
4.127914
4.230213
4.250474
4.242861
4.265600
4.204388
4.207052
4.207063
4.146531
4.120126
4.102546
4.122825
4.101468
4.210700
4.235166
4.106900
4.213497
4.251784
4.164703
4.285320
4.252454
4.275068
4.191902
4.186568
4.246905
4.217921
4.223611
4.225806
4.168528
4.150679
4.211357
4.172515
4.154667
4.166178
4.198732
4.133555
4.098846
4.137484
4.166388
4.200799
4.272646
4.221486
4.233713
4.236305
4.190023
4.184345
4.197104
4.204929
4.171223
4.139982
4.103434
4.137640
4.141415
4.105743
4.168867
4.179612
4.155264
4.120442
4.092761
4.088370
4.115276
4.120852
4.116538
4.103645
4.108232
4.130118
4.102094
4.128668
4.125831
4.115165
4.096154
4.103148
4.094431
4.067879
4.252225
4.368926
4.362737
4.245089
4.185986
4.170277
4.122342
4.011359
3.921642
3.834498
3.903642
3.894129
3.851701
3.788547
3.931112
4.040082
4.105900
4.087145
4.137705
4.200945
4.065968
3.946213
3.849501
3.938934
4.031450
4.073257
4.017478
4.083247
4.036684
4.033046
4.066944
4.027748
4.024281
4.081844
4.099961
4.107694
4.118462
4.136546
4.079203
4.093033
4.037417
3.969528
3.984445
3.970964
3.996821
4.119366
4.145452
4.136706
4.197635
4.178626
4.168993
4.149550
4.287253
4.267847
4.265826
4.313031
4.147747
4.124095
4.095464
4.061211
4.132674
4.211989
4.222414
4.225385
4.263289
4.266504
4.251743
4.272282
4.249534
4.240661
4.201005
4.179880
4.197173
4.238900
4.229501
4.307699
4.227429
4.107106
4.178166
4.254329
4.236041
4.255735
4.273985
4.238754
4.267079
4.267355
4.214284
4.231328
4.150999
4.008776
3.985765
4.004310
4.021493
4.032718
4.007685
4.013405
4.020914
4.047580
4.102516
4.135234
4.185466
4.193314
4.205616
4.187356
4.162890
4.176261
4.198680
4.174228
4.245031
4.276675
4.270545
4.258287
4.256363
4.268235
4.275531
4.186908
4.163929
4.165817
4.125867
4.107371
4.160101
4.142379
4.104165
4.171800
4.181110
4.228589
4.226065
4.142079
4.168845
4.206483
4.211861
4.139429
4.077600
4.170033
4.190639
4.191681
4.161826
4.159707
4.058762
4.028897
4.031330
4.013663
4.074538
4.036286
4.046265
4.115510
4.152875
4.094484
4.135831
4.110408
4.111172
4.141986
4.114756
4.118368
4.098272
4.099696
4.108261
4.065425
4.111858
4.152161
4.123484
4.279802
4.271021
4.282006
4.261025
4.180141
4.228097
4.272839
4.198278
4.193685
4.163617
4.135284
4.188889
4.166141
4.204379
4.113073
4.084956
4.037739
4.059141
4.103404
4.078826
4.137035
4.209739
4.290721
4.266309
4.184744
4.159931
4.101784
4.089202
4.074672
4.088856
4.154168
4.094899
4.092619
4.126283
4.123901
4.010089
3.992117
3.995246
4.000690
3.998754
4.050240
4.071321
4.004302
4.000984
3.972098
3.902768
3.927132
3.983931
4.022517
4.037885
4.061850
4.147125
4.120749
4.165062
4.125837
4.093229
4.155298
4.167643
4.134180
4.090843
4.088881
4.073272
4.125103
4.090689
4.111870
4.143008
4.072464
4.018403
4.014052
4.130684
4.081938
4.129039
4.150598
4.135879
4.168760
4.096570
4.094517
4.074210
3.948007
4.017927
4.085738
4.018899
4.074382
4.029117
3.988333
3.935072
4.051005
4.182126
3.979872
3.943448
4.052038
4.113336
4.075821
4.139782
4.125661
4.134434
4.183709
4.142508
4.112786
4.013028
4.009348
3.978127
3.930321
3.972335
4.018721
4.073238
4.058145
4.163441
4.174587
4.079747
4.064743
4.100928
4.132717
4.086968
4.126489
4.146766
4.072146
4.064566
4.038887
4.059025
4.075231
4.048253
4.048283
4.020519
4.015394
4.104391
4.134103
4.058135
4.066689
4.003427
3.956295
4.000399
4.007120
4.068915
4.109580
4.131599
4.074577
4.118182
4.117645
3.981597
3.980961
3.968367
4.015258
4.033237
4.077534
4.051901
4.038009
4.065548
4.046751
4.078040
4.064647
4.065402
4.076460
4.061610
4.037163
4.083578
4.094675
4.089798
4.102622
4.073619
4.073038
4.113694
4.030118
4.104169
4.109390
4.081488
4.078632
4.031967
4.017961
4.046340
4.059066
4.034929
3.996558
4.045793
4.030447
3.958796
3.901546
4.027274
4.705014
4.597604
4.062067
3.799973
4.291077
4.141860
4.026915
4.002883
4.006522
3.938514
3.964295
3.964117
3.963406
3.900861
3.990917
4.046764
3.995020
3.946779
4.021140
3.925222
3.940774
3.992640
3.942748
4.015776
4.066390
4.061597
4.050654
3.998340
4.007231
4.061427
3.970180
4.013332
4.024411
3.939972
3.972413
3.997779
4.002683
4.012113
4.013110
3.962421
4.021820
4.039739
3.994220
3.998781
4.067493
4.035870
4.072464
4.079636
3.957495
4.050216
4.064286
4.015769
4.065723
4.018762
4.012550
3.983765
4.026140
4.125532
4.019785
4.001872
4.021467
3.941586
3.928515
3.942371
3.905440
3.961343
3.990745
3.983830
3.954103
3.972719
4.038708
4.045866
4.081741
4.056207
4.005847
3.973301
4.032098
4.064569
4.013601
4.003660
3.968637
3.986218
3.994904
3.987920
4.046809
4.011898
4.019258
4.010531
4.067973
4.014137
4.008025
4.034766
3.973812
3.926138
4.047629
3.975630
3.961257
4.045737
4.026799
3.974649
4.054858
4.022612
3.935351
3.999881
3.938177
3.928194
3.944482
4.023580
4.035512
3.963988
3.991045
4.027011
4.118469
4.089885
4.057966
4.061460
4.015564
4.055305
4.025897
4.028120
4.053334
4.048676
4.054889
4.013955
4.004869
4.040729
4.027378
3.996068
4.066684
4.048429
4.025935
4.075695
3.993541
4.031341
4.069664
3.986975
4.043237
4.063674
3.911731
3.977845
4.022304
4.006797
3.975256
4.035338
3.992165
3.968394
3.933353
3.983688
4.049533
3.987679
3.946936
4.009690
4.008994
4.025737
4.079870
4.026809
3.975504
3.989167
4.002251
3.960177
3.953334
3.957637
3.965308
4.013345
3.980855
3.964465
3.967760
3.990396
4.046821
4.008947
4.008444
4.051559
4.015538
4.010118
4.010996
4.016017
4.015616
4.009903
3.956025
4.001504
3.975231
3.990200
4.075253
4.018249
4.069626
4.061246
3.970800
3.997227
3.973942
3.953031
3.972420
3.964999
4.044697
4.004508
4.038999
4.017398
3.963441
3.997017
4.019384
3.976392
3.945073
4.031227
3.982256
3.958626
3.954660
3.994052
3.957827
3.904702
3.903160
3.909868
3.877672
3.925882
3.887625
3.836762
3.917899
3.934259
3.846881
3.885649
3.930212
3.913614
3.898153
3.944667
3.883633
3.984430
3.943758
3.919605
3.953301
3.921410
3.843641
3.925230
3.896651
3.867117
3.852749
3.869542
3.839949
3.772203
3.833459
3.885082
3.473977
3.288984
3.449914
3.766717
3.772513
3.499524
3.471332
3.693070
3.684664
3.761473
3.754812
3.761006
3.856573
3.819642
3.840353
3.922051
3.877390
3.899609
3.878728
3.870929
3.953508
3.972869
3.854311
3.895285
3.916529
3.919487
3.845461
3.881155
3.927293
3.906068
3.886356
3.806517
3.862028
3.871016
3.813077
3.919485
3.925726
3.811094
3.996587
3.912754
3.840825
3.816486
3.843771
3.934251
3.900368
3.852352
3.900174
3.897665
3.806966
3.858862
3.912921
3.930514
3.870664
3.931391
3.873260
3.870005
3.857902
3.791683
3.815146
3.819073
3.858642
3.875662
3.851602
3.843556
3.901218
3.805423
3.823123
3.854581
3.825462
3.831063
3.814417
3.769189
3.934307
3.879496
3.785055
3.774452
3.894685
3.915937
3.820262
3.873623
3.907248
3.874614
3.785550
3.806691
3.759166
3.755612
3.876172
3.811254
3.809802
3.877843
3.814316
3.730934
3.751741
3.827718
3.797715
3.784825
3.807199
3.820493
3.749541
3.796569
3.801566
3.791403
3.831225
3.761293
3.822185
3.832835
3.791554
3.794789
3.857308
3.838903
3.813136
3.780174
3.865309
3.894158
3.846447
3.885232
3.815486
3.796858
3.861387
3.842113
3.731657
3.776152
3.876367
3.795630
3.784384
3.752298
3.830346
3.754361
3.718271
3.800827
3.728743
3.774109
3.883464
3.770127
3.678535
3.772614
3.692392
3.740304
3.795743
3.787780
3.717952
3.753831
3.769920
3.775638
3.742867
3.731788
3.819340
3.811502
3.760028
3.817026
3.801506
3.765555
3.823551
3.746076
3.750002
3.759898
3.693970
3.763647
3.850477
3.756535
3.755296
3.786499
3.792854
3.744300
3.714392
3.795277
3.779055
3.701769
3.705450
3.716257
3.640720
3.703863
3.811251
3.803160
3.766813
3.770260
3.720229
3.759231
3.698928
3.668171
3.727812
3.789530
3.711354
3.740240
3.785585
3.775566
3.808546
3.719817
3.740148
3.765904
3.771077
3.746499
3.706274
3.714887
3.721718
3.651252
3.571098
3.568117
3.567848
3.627441
3.670736
3.764785
3.789287
3.710067
3.677038
3.704724
3.634799
3.593134
3.685596
3.694871
3.728788
3.776958
3.685820
3.728494
3.718587
3.672064
3.649648
3.669773
3.660907
3.636948
3.693876
3.689424
3.689753
3.652555
3.635349
3.688262
3.675078
3.696262
3.703750
3.659001
3.693690
3.676532
3.715407
3.711955
3.693490
3.673069
3.703351
3.676703
3.623705
3.565781
3.636900
3.708649
3.670354
3.666721
3.700856
3.727124
3.629390
3.718504
3.688301
3.623188
3.638221
3.631974
3.630225
3.619353
3.653279
3.611028
3.586959
3.615234
3.656573
3.594869
3.629446
3.620297
3.636674
3.641126
3.593744
3.641714
3.671699
3.592128
3.623120
3.667256
3.641593
3.655796
3.620323
3.683157
3.628002
3.708050
3.652109
3.564635
3.605396
3.606185
3.678269
3.549357
3.624035
3.695608
3.640031
3.767549
3.799707
3.794679
3.821901
3.632569
3.658266
3.896797
3.783620
3.844674
3.678233
3.637263
3.758188
3.624907
3.542552
3.659697
3.740027
3.657295
3.600321
3.642451
3.667187
3.601039
3.575856
3.677818
3.799226
3.799290
3.649477
3.619942
3.696093
3.681430
3.682606
3.726128
3.679473
3.624416
3.639674
3.662842
3.610149
3.644539
3.686715
3.643867
3.676480
3.682855
3.670944
3.636538
3.614238
3.738570
3.693057
3.615058
3.595692
3.611854
3.681604
3.662284
3.554061
3.583086
3.640405
3.586553
3.680873
3.654344
3.654961
3.694953
3.654922
3.659178
3.656734
3.593226
3.650520
3.639026
3.656149
3.675302
3.624904
3.659221
3.646040
3.574632
3.580637
3.529952
3.602157
3.691344
3.587260
3.506327
3.605039
3.585551
3.642885
3.623819
3.588439
3.590890
3.577245
3.654661
3.562221
3.545072
3.563306
3.597437
3.610914
3.551692
3.551352
3.653482
3.672104
3.644018
3.587110
3.638822
3.605454
3.556973
3.587136
3.661744
3.618975
3.581864
3.596259
3.596619
3.616515
3.635858
3.684212
3.672630
3.650935
3.600167
3.607781
3.600079
3.618037
3.587977
3.618905
3.639934
3.579258
3.619958
3.617133
3.610097
3.517432
3.626410
3.684518
3.566495
3.621405
3.626963
3.553868
3.630887
3.616666
3.554047
3.577793
3.616926
3.654903
3.623234
3.623806
3.647500
3.610518
3.499198
3.494842
3.528654
3.513899
3.508188
3.508844
3.619076
3.639789
3.596519
3.593798
3.626736
3.572801
3.595970
3.674031
3.621953
3.583812
3.580830
3.593107
3.607362
3.687078
3.663419
3.639667
3.595257
3.635229
3.587773
3.592512
3.685450
3.572724
3.600981
3.594779
3.543827
3.593216
3.611975
3.588905
3.561611
3.542056
3.509294
3.515628
3.479321
3.477904
3.491711
3.412904
3.366946
3.326648
3.205041
3.051729
2.990434
3.023113
3.160558
3.173930
3.140349
3.225919
3.274591
3.304769
3.376446
3.394744
3.394955
3.502941
3.516293
3.498691
3.510564
3.547048
3.579654
3.516612
3.512210
3.544157
3.465024
3.478397
3.528446
3.483987
3.578652
3.582882
3.476116
3.520447
3.580726
3.592036
3.578894
3.520069
3.476779
3.517784
3.571745
3.553539
3.588607
3.590148
3.567865
3.555738
3.508711
3.553587
3.573763
3.528168
3.433385
3.508730
3.502668
3.468229
3.554542
3.536567
3.529897
3.528384
3.533087
3.541985
3.542853
3.527194
3.542956
3.545433
3.515350
3.553963
3.474017
3.486267
3.590798
3.528267
3.552868
3.554437
3.506870
3.541812
3.562873
3.544036
3.570655
3.568030
3.585787
3.600886
3.596195
3.543512
3.528919
3.538718
3.527694
3.495308
3.491336
3.501916
3.548017
3.523848
3.445893
3.478498
3.512754
3.502529
3.482007
3.477104
3.465210
3.485404
3.531309
3.542680
3.522460
3.532211
3.498145
3.450440
3.509148
3.476813
3.501641
3.509012
3.428672
3.458716
3.427046
3.429904
3.396062
3.414004
3.461231
3.434517
3.421633
3.417404
3.458527
3.459791
3.444313
3.458936
3.447529
3.472284
3.491815
3.465480
3.449477
3.444562
3.446301
3.451633
3.423002
3.378767
3.400750
3.460661
3.477957
3.725125
3.831153
3.683756
3.478300
3.439434
3.470597
3.426805
3.436821
3.424088
3.437937
3.446898
3.447834
3.425055
3.466503
3.488228
3.448287
3.453008
3.415757
3.418180
3.396853
3.422721
3.380970
3.398908
3.407894
3.442718
3.427577
3.401849
3.416755
3.431613
3.436763
3.398582
3.422659
3.415345
3.394140
3.373172
3.461107
3.466884
3.465728
3.403040
3.428865
3.466296
3.442930
3.407691
3.469886
3.492590
3.499790
3.446736
3.359545
3.398948
3.311528
3.420739
3.418460
3.353473
3.357112
3.445307
3.404136
3.386847
3.433007
3.381963
3.391698
3.354489
3.343924
3.380880
3.336315
3.336681
3.399926
3.468102
3.412986
3.342417
3.341317
3.400466
3.364492
3.426759
3.421503
3.336273
3.366826
3.417711
3.387630
3.403165
3.365333
3.349043
3.355566
3.411494
3.383706
3.375482
3.316123
3.408147
3.353750
3.346254
3.415595
3.333579
3.336826
3.384609
3.400642
3.324094
3.354657
3.406871
3.366852
3.380351
3.350423
3.387309
3.456493
3.397375
3.438655
3.381957
3.322850
3.327530
3.304668
3.414433
3.438176
3.519187
3.503906
3.473490
3.469376
3.448813
3.457923
3.471286
3.432594
3.479497
3.506921
3.525410
3.551010
3.478609
3.427242
3.495698
3.447409
3.417652
3.419534
3.406055
3.426692
3.453110
3.372186
3.422257
3.433159
3.411202
3.424024
3.414524
3.384950
3.446457
3.375153
3.300473
3.363008
3.419486
3.435537
3.425604
3.381042
3.428989
3.420786
3.372712
3.419182
3.412732
3.337892
3.377119
3.384433
3.391651
3.407739
3.392960
3.404976
3.430376
3.377147
3.312903
3.378216
3.360170
3.384068
3.393760
3.412597
3.411183
3.350905
3.391767
3.426117
3.371392
3.334806
3.413277
3.463390
3.403616
3.381518
3.412849
3.442474
3.436894
3.465591
3.475562
3.475511
3.499707
3.568516
3.580141
3.468898
3.398567
3.398530
3.370039
3.359807
3.403606
3.345010
3.331662
3.340884
3.336687
3.368213
3.377820
3.382847
3.397695
3.349915
3.302210
3.278774
3.351400
3.349353
3.318656
3.291075
3.280861
3.286148
3.285951
3.318982
3.321732
3.308400
3.312090
3.336063
3.323774
3.302010
3.304662
3.300757
3.320304
3.367770
3.325993
3.325525
3.284750
3.348286
3.347130
3.274285
3.299129
3.311059
3.302154
3.300953
3.311738
3.293982
3.257259
3.231606
3.291922
3.240283
3.304665
3.298492
3.232924
3.278825
3.282883
3.273614
3.282109
3.267501
3.278485
3.234005
3.304012
3.308349
3.266519
3.312885
3.300928
3.277677
3.231725
3.258632
3.225142
3.201435
3.268713
3.261809
3.262004
3.285240
3.264092
3.279432
3.246106
3.201376
3.251539
3.265923
3.281795
3.171417
3.190448
3.271615
3.196918
3.253009
3.289487
3.239033
3.268049
3.276647
3.233644
3.216840
3.230219
3.222728
3.282392
3.174178
3.215539
3.302289
3.266551
3.273448
3.253204
3.194366
3.251417
3.275206
3.259247
3.284280
3.278212
3.286712
3.279598
3.266081
3.292519
3.305665
3.296669
3.331603
3.389368
3.361233
3.167299
3.220117
3.233347
3.268575
3.253703
3.197260
3.237055
3.283120
3.217907
3.263384
3.243401
3.241564
3.236145
3.260937
3.330356
3.288716
3.325485
3.374243
3.304285
3.292945
3.253217
3.188473
3.235021
3.188304
3.222278
3.225221
3.244865
3.246715
3.259595
3.249332
3.251965
3.238332
3.284050
3.256949
3.225083
3.240000
3.261794
3.221103
3.254626
3.197618
3.274852
3.290332
3.259010
3.243556
3.252449
3.272946
3.217262
3.240594
3.258955
3.222170
3.287624
3.336968
3.264916
3.280652
3.261991
3.341170
3.322417
3.289123
3.317229
3.270265
3.260947
3.237893
3.218472
3.219252
3.267824
3.267984
3.302420
3.274987
3.305552
3.255066
3.269949
3.296294
3.327703
3.310163
3.223171
3.211285
3.249575
3.318910
3.334714
3.284965
3.256249
3.300039
3.298985
3.291695
3.254157
3.249499
3.329895
3.244044
3.283969
3.276346
3.296993
3.293361
3.240203
3.276158
3.295620
3.278136
3.228056
3.216633
3.268362
3.288578
3.241824
3.229278
3.249469
3.244055
3.240975
3.261835
3.202059
3.267028
3.296625
3.281315
3.274799
3.305072
3.291710
3.258694
3.232128
3.235144
3.194957
3.240176
3.226344
3.221577
3.237528
3.210959
3.302631
3.277753
3.266245
3.246879
3.249581
3.282172
3.207911
3.253424
3.302486
3.245662
3.243618
3.277830
3.253284
3.250409
3.284651
3.290828
3.273126
3.228838
3.247303
3.212442
3.227168
3.206909
3.229973
3.256290
3.196121
3.183770
3.239645
3.214594
3.236121
3.284688
3.256396
3.228508
3.220395
3.244423
3.209770
3.211024
3.224670
3.293387
3.285160
3.234461
3.270361
3.322240
3.257940
3.321107
3.249675
3.201093
3.221883
3.283057
3.260376
3.252491
3.282703
3.263565
3.256262
3.259932
3.251915
3.262354
3.243320
3.244994
3.231337
3.245326
3.213548
3.196229
3.265961
3.253397
3.233436
3.217828
3.242002
3.225692
3.242387
3.288333
3.248784
3.300083
3.233935
3.178537
3.171934
3.198488
3.251376
3.141680
3.213003
3.195955
3.136293
3.158160
3.208832
3.177180
3.203823
3.205931
3.198124
3.236893
3.092405
3.075396
3.160349
3.160064
3.067601
3.039716
3.162056
3.025496
3.151352
3.178234
3.166939
3.138247
3.221866
3.249111
3.149934
3.152741
3.014848
3.148140
3.080656
3.063415
3.175622
3.044126
3.240701
3.093396
3.058922
3.213252
3.085787
3.124471
3.143931
3.019925
3.017637
3.116906
3.030301
3.042896
3.060258
2.937981
2.980992
3.092681
2.996825
3.035876
3.074076
3.046006
3.076674
3.113103
3.068099
3.070834
3.120529
3.086413
3.028054
3.044898
3.076522
3.037160
3.029997
3.105989
2.985484
2.945269
3.042873
3.055842
3.056929
3.111886
3.158637
3.326302
3.252309
3.106822
2.954250
2.896666
2.983513
3.025333
3.067839
3.016499
3.026899
3.049970
3.090788
3.118111
3.115944
3.036846
3.068338
3.108323
3.071559
3.063215
3.064012
3.176674
3.276253
3.084833
2.935042
3.012205
3.190622
3.131336
3.114294
3.047940
3.050816
3.053871
3.052193
3.075537
3.062735
3.086147
3.072546
3.070097
2.999624
3.074900
3.055828
3.009917
3.061794
3.079284
3.077569
3.107842
3.115946
3.136124
3.109475
3.051429
3.051472
3.093889
3.032814
3.063035
3.098273
3.075547
3.067001
3.066474
3.083734
3.037056
3.098967
3.050769
3.162580
3.253209
3.026699
3.041980
3.029380
2.998490
3.028634
3.048846
2.986489
3.038508
3.068450
3.089546
3.109667
3.096381
3.072172
3.031855
3.135474
3.061315
2.964523
3.196433
3.058663
2.990864
3.032768
3.162652
3.037077
2.995705
3.045160
2.979104
3.124587
3.140415
3.037990
3.063849
3.053264
3.028230
3.026460
3.045154
3.028362
3.031089
3.064672
3.103995
3.122307
3.042222
3.005252
3.021909
3.039917
3.026581
3.014564
3.043276
3.054501
3.059790
3.114866
2.994143
2.933466
3.024569
2.928685
2.983347
3.072269
3.034705
2.970832
3.037850
3.120884
3.070377
3.057512
3.042175
3.039632
3.034574
3.006397
3.010439
3.030762
3.011442
3.003471
3.007003
3.056742
3.040377
3.014815
3.019794
3.027612
3.046799
3.171579
3.045443
3.030682
2.998016
2.998007
2.997368
3.020778
3.049653
3.046963
3.120620
3.108509
3.042443
3.062775
3.071798
3.024140
3.119469
3.209757
3.069759
2.875981
2.872870
2.987404
2.972866
2.997152
3.084965
3.118434
3.052423
3.077347
3.183339
3.154618
3.001228
3.019769
3.027046
3.062463
3.089132
3.221889
2.978687
2.989996
2.975066
3.008447
3.055651
3.041110
3.021036
3.057069
3.022514
3.059944
3.053551
3.032964
3.046076
3.089388
3.011682
3.015634
3.064552
3.063032
3.083294
2.932975
2.981907
2.960115
2.987314
3.051337
3.036823
3.058993
3.036656
3.050828
3.066831
3.056249
3.005379
3.056216
3.034710
3.051797
3.032839
3.052887
3.027859
3.059618
3.029118
3.046862
3.033027
3.032013
3.031748
3.031837
3.118518
3.082812
3.002773
3.004196
3.008432
3.050415
3.088782
3.033970
3.043858
3.073153
3.073639
3.052066
3.077377
3.101199
3.051401
3.094297
3.084577
3.028246
3.096212
3.073147
3.047997
3.050879
3.062945
3.071793
3.038673
3.072560
3.024756
3.053639
3.050264
3.059279
3.050127
3.098456
3.086382
3.066981
3.054803
3.054032
3.101573
3.055950
3.048605
3.002493
2.883422
2.912134
3.003260
3.018922
2.987285
2.939415
2.874208
2.829907
2.962694
2.990161
3.017635
3.065890
3.012046
2.993069
3.044747
3.027114
3.002382
3.005695
2.986813
3.003925
2.998190
2.981258
3.005378
3.024860
3.040102
3.051617
3.014186
2.998060
3.000488
2.935217
3.000923
3.059312
3.098648
3.127375
3.065912
3.043258
3.007398
3.006302
2.979543
2.976694
3.009295
2.990943
2.984681
3.004967
3.005054
3.018459
3.027974
2.989286
2.990556
3.027878
3.011364
2.986108
3.030132
3.032238
3.043679
2.988803
3.147538
3.025116
2.899120
2.923281
2.876400
2.960497
3.194073
2.921613
2.956830
2.996345
2.959027
2.973844
3.009636
2.934809
2.965262
2.977885
2.943947
2.948344
2.966100
3.100843
3.171088
3.043874
2.932467
2.924920
2.901467
2.915221
2.983301
2.804070
2.568954
3.061126
3.246718
2.941197
2.910831
3.038862
3.127182
3.004178
2.931386
2.977134
2.870158
2.907009
2.953492
2.953485
2.983291
2.968705
2.952532
2.910082
2.898383
2.969357
2.867144
2.975213
2.913741
2.855044
2.853739
2.912524
2.969298
2.998172
2.954703
3.199810
3.096942
2.818468
2.941846
2.960602
2.919785
2.912972
2.923730
2.880807
3.019131
2.905158
2.934618
2.926520
2.910587
2.914825
2.906200
2.892891
2.871521
2.823893
2.775182
2.888367
2.904437
2.892980
2.892983
2.848292
2.897421
2.967165
2.851046
2.839037
2.807051
2.822919
2.869875
2.857659
2.942204
2.872723
2.734491
2.757128
2.707517
2.853417
2.824369
2.762372
2.839480
2.815323
2.819674
2.863248
2.773520
2.851082
2.839830
2.877766
2.854489
2.763119
2.707818
2.782956
2.800056
2.748059
2.894302
2.869897
2.843170
2.839991
2.768192
2.788943
2.794737
2.777441
2.832121
2.906274
2.836229
2.820703
2.817556
2.788960
2.807380
2.771179
2.673286
2.613453
2.669046
2.677896
2.707383
2.640148
2.760753
2.848467
2.765731
2.835247
2.821081
2.805561
2.831422
2.838032
2.846890
2.847823
2.854859
2.899920
2.846075
2.800630
2.834542
2.839626
2.834053
2.793821
2.793458
2.795854
2.805426
2.830868
2.788006
2.728107
2.731013
2.803359
2.782260
2.770353
2.821024
2.816709
2.789783
2.790226
2.789634
2.742169
2.816371
2.823210
2.826882
2.914060
2.870137
2.834601
2.804494
2.782741
2.834460
2.834521
2.877773
2.789211
2.838817
2.904112
2.806923
2.796114
2.809919
2.806629
2.797078
2.733195
2.840217
2.657492
2.559301
2.694246
2.671387
2.785876
2.813779
2.778695
2.808638
2.755519
2.820640
2.778495
2.800719
2.830103
2.820531
2.803311
2.759612
2.717586
2.763636
2.793082
2.754247
2.819310
2.849236
2.840445
2.791471
2.763386
2.821348
2.817926
2.819487
2.775946
2.785541
2.806612
2.827951
2.776689
2.788999
2.819533
2.789314
2.848940
2.841294
2.738574
2.710357
2.757040
2.758270
2.739718
2.767890
2.774573
2.706813
2.738439
2.754080
2.808224
2.763070
2.702141
2.721757
2.766187
2.873462
2.744995
2.548562
2.830348
2.891065
2.893870
2.800670
2.515413
2.735312
2.815632
2.806468
2.877367
2.873104
2.801311
2.760163
2.769998
2.814013
2.790490
2.801974
2.769651
2.715802
2.732285
2.741538
2.809384
2.842844
2.852244
2.880793
2.880930
2.802620
3.014200
2.997602
2.574341
2.408408
2.775177
3.051547
2.873551
2.732409
2.926894
2.822975
2.786717
2.858300
2.765125
2.778874
2.843533
2.912720
2.799865
2.735649
2.730520
2.704327
2.700798
2.683644
2.787522
2.861263
2.814139
2.767110
2.754847
2.749367
2.768907
2.872333
2.538812
2.842481
3.237767
2.818768
2.801508
2.726755
2.753108
2.764740
2.880314
2.837020
2.798882
2.761952
2.760694
2.789131
2.786423
2.847575
2.943576
2.295841
2.268999
2.830848
2.719437
2.744310
2.706876
2.749360
2.793138
2.744080
2.796033
2.730918
2.719776
2.813549
2.690360
2.775406
2.720018
2.731974
2.839099
2.523939
3.028394
3.190742
3.013614
2.791774
2.803177
2.765070
2.834297
2.814097
2.773119
2.742146
2.725565
2.726614
2.735450
2.717009
2.734989
2.648463
2.617235
2.724938
2.900675
2.942609
2.641642
2.457942
2.726577
2.680173
2.665918
2.662667
2.624573
2.606563
2.506275
2.540908
2.617250
2.559691
2.509870
2.556612
2.642850
2.678271
2.742715
2.776003
2.809426
2.809606
2.812926
2.681656
2.782064
2.708331
2.813838
2.930040
2.699544
2.718510
2.712132
2.706206
2.707008
2.722475
2.721499
2.766180
2.719679
2.736001
2.764354
2.734344
2.737654
2.748697
2.730266
2.704945
2.664809
2.668631
2.694364
2.732763
2.716786
2.729489
2.707171
2.718883
2.745678
2.755664
2.754647
2.725546
2.708461
2.707449
2.760046
2.728824
2.705026
2.695488
2.699042
2.731727
2.751217
2.759438
2.739419
2.728210
2.739063
2.771956
2.762245
2.750072
2.746816
2.727687
2.729662
2.749415
2.768820
2.771598
2.723803
2.776858
2.753188
2.774182
2.722383
2.783773
2.801402
2.714115
2.732696
2.761276
2.740798
2.771369
2.713551
2.719295
2.745443
2.715423
2.734048
2.696736
2.713240
2.732469
2.761007
2.724942
2.709607
2.675565
2.662569
2.688598
2.638377
2.607078
2.646562
2.722490
2.676698
2.644526
2.664437
2.701710
2.681275
2.666259
2.652371
2.676242
2.677362
2.659572
2.675544
2.653745
2.667948
2.691077
2.669731
2.711412
2.710219
2.654857
2.654086
2.668511
2.676286
2.704842
2.728365
2.716362
2.664264
2.673750
2.669197
2.655802
2.691634
2.649859
2.662119
2.657660
2.660676
2.624830
2.648026
2.659074
2.651620
2.702803
2.628053
2.715331
2.590132
2.864892
2.600911
2.910233
2.947194
2.594891
2.942279
2.385398
2.207991
2.479964
2.719351
2.724774
2.664937
2.669381
2.533870
2.788588
2.880229
2.458394
2.551497
2.756916
2.722395
2.621685
2.626206
2.675514
2.546713
2.657806
2.719867
2.661433
2.726872
2.615902
2.712889
3.461738
4.072286
3.611437
2.669778
2.671789
2.726433
2.655586
2.691655
2.665062
2.644553
2.655644
2.693968
2.499479
2.599222
2.704152
2.710676
2.694654
2.650740
2.640671
2.618637
2.465759
2.780953
2.904790
2.677877
2.734494
2.653156
2.660692
2.687239
2.687605
2.593282
2.601300
2.733612
2.745630
2.732224
2.631125
2.636829
2.656921
2.688505
2.605260
2.687956
2.990231
2.626080
2.751712
2.592725
2.600360
2.797738
2.900933
2.711444
3.162164
2.798015
2.643355
2.677124
2.575074
2.594702
2.695713
2.653616
2.629734
2.687641
2.633298
2.495830
2.560042
2.624787
2.713078
2.594434
2.603224
2.678551
2.408426
2.645833
2.723587
2.741949
2.643492
2.628103
2.687245
2.651378
2.558871
2.547701
2.590164
2.516397
2.466369
2.445614
2.542259
2.584592
2.378986
2.707215
2.711245
2.635636
2.633469
2.569814
2.387513
2.770750
2.848225
2.670808
2.582688
2.596464
2.620558
2.631004
2.694585
2.652276
2.651126
2.597038
2.569037
2.665136
2.586984
2.573996
2.584990
2.627493
2.635651
2.568761
2.635240
2.627921
2.639395
2.522677
2.662480
2.492879
2.679938
2.646011
2.579508
2.624047
2.609424
2.631024
2.624078
2.525420
2.531815
2.597696
2.610505
2.590519
2.563452
2.570411
2.632036
2.620167
2.602197
2.601203
2.536438
2.536567
2.537608
2.540881
2.655872
2.565484
2.666960
2.558073
2.452332
2.637781
2.769321
2.550408
2.460975
2.590793
2.641450
2.651332
2.613923
2.767924
2.614628
2.554819
2.618472
2.677784
2.672419
2.674249
2.473908
2.513777
2.723888
2.837341
2.623336
2.636862
2.528887
2.572670
2.497188
2.492873
2.621646
2.596853
2.531785
2.490206
2.570319
2.615043
2.602081
2.555890
2.554508
2.579704
2.600765
2.547948
2.605722
2.544204
2.556010
2.524229
2.559181
2.528493
2.539006
2.533865
2.476850
2.751262
1.986887
2.063666
2.093746
2.775821
2.509455
2.492500
2.638980
2.633269
2.509630
2.506289
2.407009
2.542578
2.576206
2.592469
2.623121
2.573130
2.612286
2.508266
2.496953
2.546404
2.516119
2.515722
2.505866
2.558824
2.495308
2.415659
2.481979
2.570442
2.630589
2.556411
2.512275
2.552029
2.506855
2.536042
2.484211
2.477580
1.963650
2.327101
3.152774
2.688652
2.493737
2.529534
2.443361
2.479852
2.510022
2.416000
2.459508
2.681369
2.672923
2.616374
2.465336
2.397345
2.382361
2.430741
2.610123
2.305531
1.889197
2.705206
2.562505
2.322653
2.408120
2.375795
2.344350
2.432966
2.391332
2.426933
2.455148
2.591104
2.780780
2.881773
3.123387
2.708441
2.670213
2.529611
2.188681
3.156048
2.423512
2.556295
2.712543
2.372380
2.317158
2.178049
2.561325
2.456684
2.444030
2.475647
2.375222
2.419061
2.384372
2.445927
2.412979
2.465437
2.661698
2.237364
2.434453
2.602184
2.636455
2.194942
1.487042
2.951053
2.342018
2.634097
2.434438
2.519452
2.442124
2.649222
2.403010
2.414307
2.406050
2.391916
2.505315
2.245435
2.380835
2.340765
2.334196
2.329409
2.290230
2.355827
2.409635
2.505968
2.533097
2.605780
2.399027
2.511395
2.612088
2.409565
2.477082
2.371435
2.053086
2.456885
2.595825
2.560466
2.409101
2.418549
2.349226
2.358482
2.491981
2.400369
2.410933
2.665755
2.454691
2.404988
2.506646
2.591106
2.408136
2.688819
2.351940
2.693881
2.894449
2.473822
2.417261
2.409890
2.357014
2.298776
2.493572
2.688084
2.549250
2.592448
2.342609
2.286209
2.363718
2.317696
2.381265
2.561526
2.502973
1.956741
2.662012
2.833498
2.507693
2.932883
2.526057
2.362377
2.336365
2.293818
2.363065
2.339901
2.693444
2.593504
2.481428
2.272861
2.391612
2.479132
2.529085
1.793264
2.477020
2.705089
2.653565
2.244224
1.994319
2.036349
2.242827
2.267790
2.820762
2.582386
2.395254
2.585457
2.608844
2.260906
2.261924
2.274731
2.175324
2.347442
2.482952
2.614362
2.339443
2.282421
2.353852
2.497167
2.369919
2.261866
2.550310
2.427011
2.184862
2.238855
2.337573
3.095101
5.939703
2.589936
-2.473207
7.024470
8.163648
2.001037
1.556166
1.628624
1.214042
3.187035
3.450018
1.014333
1.375356
2.369693
1.995539
1.784033
2.288252
2.246934
2.119007
2.331675
2.342060
2.005841
2.074112
2.000410
1.825001
2.230016
