5.368039
6.478981
7.373430
6.212190
5.893005
6.175333
6.033293
6.515515
6.685723
6.680302
5.699939
6.116745
6.837521
6.334311
5.787059
5.179962
5.003933
5.657282
5.455528
5.466485
5.205913
5.097869
4.638843
5.206241
5.005887
4.645741
5.446056
5.950566
5.220276
6.309167
6.729311
6.147451
5.407026
5.276111
5.731968
6.400124
6.453603
5.866877
6.430679
6.176081
5.960788
5.924448
5.947398
6.069392
6.395093
6.107721
5.570416
5.790620
5.807481
6.447065
6.099061
5.560641
6.083098
5.552329
5.218081
5.806628
6.198630
5.782807
5.954423
5.659981
5.856261
5.351187
5.208481
5.191601
5.271359
5.684687
5.678552
5.475254
5.804762
5.623841
6.215593
6.562051
6.495913
6.064958
5.501476
5.734400
5.510979
5.785563
5.977796
5.006526
5.678001
5.959939
6.333624
5.626666
5.443964
5.749930
6.205114
5.897761
5.668711
5.850277
5.716247
5.938166
5.339127
5.658103
5.791420
5.414077
5.584384
5.885160
5.701522
5.750496
5.652282
5.538501
5.951393
6.053846
5.712217
5.889318
5.925251
6.229070
5.587334
5.656574
6.131325
6.110185
5.926305
5.439060
5.620536
5.857687
5.802967
5.887381
5.699276
6.237936
6.012386
5.254689
5.476534
5.620360
5.650399
5.709938
5.496116
5.692683
5.846176
6.164339
6.330374
5.744447
5.384391
5.873206
5.692692
5.512724
5.613465
5.943581
5.575732
5.313859
5.461692
5.270169
5.387524
5.838633
5.598010
5.526100
5.533384
5.266074
5.511319
5.863937
5.707661
5.792189
5.963112
5.730592
5.756620
5.994232
5.613703
5.537204
5.694962
5.853697
5.807530
5.573664
5.080259
4.928993
5.389992
5.223106
5.138715
5.239218
5.493918
5.698634
5.417632
5.372775
5.427098
5.596843
5.455675
5.349747
5.708784
5.710894
5.747281
5.983357
5.801748
5.507926
5.336201
5.173219
4.899360
5.252715
5.306732
5.484404
5.774118
6.041152
5.885083
6.035502
6.154658
6.021653
5.849221
5.702553
5.555084
5.202924
4.826774
4.835706
4.664648
4.792632
4.985543
5.341613
5.829529
5.831565
6.024845
6.421542
5.919451
5.964218
6.111832
5.956079
5.338014
5.079670
5.196355
5.253595
4.833021
4.528418
4.736064
5.051580
5.149158
5.738787
6.068524
6.045436
6.236727
6.259898
6.251849
5.968044
5.870414
6.175310
6.475891
6.424381
6.329137
6.553668
6.414566
6.378700
6.166334
5.939036
5.678783
5.505527
5.513958
5.426627
5.471605
5.741058
5.943046
6.039041
6.539457
6.797248
6.825496
7.064068
7.038884
7.116213
7.097948
7.238506
7.449953
7.568642
7.205092
7.387683
7.430840
7.348801
7.447076
7.084911
6.901795
6.920190
6.744544
6.488372
6.545762
6.541859
6.429492
6.252238
5.892306
5.709131
5.502140
5.228796
5.151661
5.547044
6.072308
6.250674
6.547732
6.669568
6.707975
6.895855
6.834449
6.873012
7.168869
7.251797
7.497392
7.538455
7.606599
7.621417
7.555458
7.456151
7.366287
7.414878
7.397120
7.580758
7.325400
7.512138
7.466982
7.227513
7.361890
7.510802
7.479721
7.277350
7.123133
7.123494
7.104121
6.885612
6.712942
6.449296
6.311934
5.968003
5.768130
5.509337
5.420824
5.113591
5.256096
5.359203
5.392476
5.906644
6.206319
6.394274
6.521820
6.853023
7.027249
7.061997
7.240218
7.229991
7.064907
7.105826
7.311681
7.335254
6.987780
7.014490
7.343505
7.395413
7.187946
7.372182
7.399257
7.177276
7.057706
7.003292
7.183332
7.425974
7.337099
7.220405
7.384569
7.467580
7.500476
7.431646
7.445763
7.403055
7.490804
7.560898
7.399795
7.346655
7.245700
7.090239
7.217083
7.165831
7.134480
6.962141
6.871583
6.748207
6.670115
6.659990
6.799645
6.701122
6.628711
6.525894
6.303085
6.098376
5.808543
5.555862
5.136226
5.107453
5.015486
5.165885
5.538363
5.842179
6.174092
6.387025
6.467383
6.665143
6.898915
6.983984
7.125920
7.280188
7.126998
7.303128
7.314261
7.260148
7.278592
7.462887
7.464661
7.471014
7.607786
7.686975
7.837821
7.801927
7.744329
8.043048
7.916731
7.964010
7.876137
7.744393
7.823591
7.691403
7.719317
7.892733
7.621994
7.417609
7.588433
7.702888
7.718113
7.592279
7.512365
7.574458
7.362060
7.058524
6.957028
6.658477
6.432853
6.101884
5.484804
5.205773
5.261286
5.742887
6.430824
6.858450
7.221944
7.280880
7.423470
7.454339
7.397410
7.357202
7.362062
7.270699
7.378616
7.416894
7.417939
7.497798
7.363330
7.446520
7.487155
7.430439
7.272630
7.235573
7.336163
7.408781
7.271799
7.087683
7.027027
6.949341
6.900270
6.726891
6.395855
6.190679
6.188623
5.953477
5.700835
5.161207
4.705556
4.299639
4.153105
4.234115
4.578501
5.069005
5.392694
5.870522
6.230291
6.454775
6.743960
6.880059
6.936527
6.888150
7.140898
7.161704
7.166651
7.250748
7.174409
7.130090
7.310092
7.484945
7.563548
7.578038
7.547511
7.619691
7.635325
7.740869
7.749583
7.826429
7.768127
7.800306
7.811701
7.674261
7.645147
7.779393
7.616988
7.700957
7.797629
7.701432
7.544430
7.554755
7.605660
7.554763
7.754796
7.765364
7.786749
7.810959
7.812102
7.673461
7.627839
7.681729
7.474751
7.696822
7.789893
7.778589
7.701297
7.717700
7.625888
7.679164
7.841283
7.862355
7.742401
7.655603
7.657078
7.705471
7.608210
7.605969
7.545010
7.545027
7.545310
7.457362
7.474982
7.523134
7.551150
7.500528
7.544605
7.502277
7.550783
7.748504
7.564181
7.607074
7.619560
7.533810
7.385151
7.246360
7.198724
7.586071
7.689015
7.591619
7.705788
7.593063
7.573092
7.569051
7.585620
7.615629
7.568300
7.468722
7.497347
7.548901
7.458728
7.579448
7.519021
7.380714
7.352401
7.357736
7.394191
7.483063
7.480402
7.519760
7.497501
7.490250
7.380341
7.218561
7.341985
7.420381
7.338414
7.399801
7.329144
7.311743
7.279898
7.313161
7.250856
7.269727
7.345748
7.329724
7.263532
7.102620
7.097343
7.179388
7.255294
7.214785
7.159664
7.160315
6.876043
6.868334
6.709248
6.520117
6.323831
6.103152
6.044073
5.839195
5.499914
5.168939
5.034203
4.993695
5.054527
5.350619
5.675353
6.035236
6.244954
6.346265
6.503930
6.683291
6.821087
6.818317
6.817581
7.017973
6.995122
7.044033
7.072390
7.115828
7.060984
7.150512
7.190797
7.146852
7.237827
7.244224
7.289621
7.383829
7.324774
7.320810
7.236562
7.315456
7.402066
7.367606
7.334762
7.252362
7.346430
7.292896
7.382328
7.531195
7.586718
7.514444
7.577004
7.532809
7.393506
7.366820
7.417552
7.330541
7.277575
7.397028
7.457454
7.512706
7.535376
7.501409
7.466692
7.536486
7.485154
7.328161
7.241984
7.247402
7.357141
7.320176
7.335922
7.496299
7.508836
7.538872
7.442936
7.557621
7.521728
7.439192
7.531060
7.335545
7.391892
7.342281
7.267653
7.290188
7.333049
7.197141
7.190697
7.255336
7.257778
7.355486
7.421317
7.319529
7.312141
7.328718
7.359094
7.297386
7.311372
7.360587
7.317896
7.268419
7.282093
7.235625
7.227919
7.340524
7.431791
7.387176
7.366318
7.430896
7.430624
7.311929
7.187583
7.214762
7.145029
7.112789
7.198315
7.263637
7.186760
7.320332
7.279630
7.213683
7.402941
7.387046
7.300239
7.403471
7.464751
7.474831
7.417502
7.330413
7.400327
7.361346
7.227084
7.222955
7.259020
7.279645
7.333676
7.216670
7.168951
7.289495
7.175574
7.037342
7.076220
6.953010
6.868068
6.960039
7.101705
7.186679
7.112339
7.040902
7.089305
7.100274
7.110938
7.198873
7.186158
7.115616
7.240450
7.270122
7.229978
7.314427
7.301657
7.303261
7.263813
7.167693
7.157732
7.115822
7.010195
6.957957
7.014231
7.156653
7.202019
7.125012
7.035434
7.045037
7.210777
7.089370
7.049133
7.123815
7.069576
7.080952
7.229324
7.274870
7.298400
7.181776
7.161790
7.179420
7.188196
7.069883
7.028303
6.965309
6.958520
7.038409
7.035143
7.068857
7.175157
7.248226
7.153791
7.273195
7.162136
7.093633
7.214371
7.044232
7.183681
7.072937
7.038914
7.126038
7.080037
7.075806
7.030316
6.989793
7.125772
7.177455
7.125855
7.102407
7.045144
7.011661
6.997689
6.821125
6.788624
6.746577
6.754085
6.812533
6.818070
6.880318
6.857218
6.831396
6.820304
6.733861
6.717215
6.843750
6.862220
6.903828
6.890002
6.914211
7.032073
7.093218
7.166982
7.056966
7.076713
7.044087
7.033022
6.985705
6.745673
6.683359
6.651812
6.665542
6.818208
6.825574
6.685144
6.548452
6.502559
6.454942
6.395045
6.216513
6.015918
5.726032
5.454259
5.135125
4.891982
4.943922
5.096269
5.501278
5.816929
6.015589
6.198936
6.281449
6.365291
6.416728
6.514744
6.515223
6.493511
6.626518
6.680938
6.811556
6.915525
6.871124
6.697932
6.815678
6.889162
6.841728
6.965763
6.910211
6.939016
6.879893
7.015875
7.028960
7.028300
7.042344
7.069758
7.132441
7.140595
7.178631
7.133758
7.082245
7.051822
7.091176
7.159258
7.153780
7.119611
7.102122
7.047596
6.947645
6.868228
6.872556
6.916507
7.082416
7.099424
7.093815
7.043756
6.955707
6.973601
7.054227
7.005445
6.938622
7.016164
7.095516
7.164945
7.184030
7.072226
7.026959
7.100013
7.104594
6.996721
6.930945
7.024923
7.096503
7.124236
7.138186
7.185584
7.160227
7.192480
7.223881
7.093896
6.990591
6.979562
7.147423
7.260965
7.198457
7.219959
7.175185
7.059501
7.086064
7.115635
7.130747
7.092391
7.119536
7.115189
7.125565
7.156296
7.049547
7.055264
7.065725
7.015706
7.033096
7.086234
7.088170
7.183075
7.090954
7.078524
7.044541
7.058223
6.958610
7.064518
7.231304
7.133874
7.209633
7.165934
7.125240
7.159961
7.097410
7.102797
7.035009
7.021178
6.947169
6.947486
6.990393
6.980534
7.061950
7.082114
7.103930
7.070253
7.127334
7.102072
7.070974
7.102833
7.097402
7.095674
7.143087
7.159546
7.266236
7.282347
7.202840
7.193568
7.285214
7.237996
7.204547
7.232559
7.119746
7.175212
7.154657
7.164865
7.258816
7.272269
7.298902
7.294842
7.237644
7.224206
7.285049
7.324207
7.292657
7.244951
7.245656
7.189795
7.214675
7.320327
7.348785
7.343099
7.265937
7.218547
7.295546
7.286374
7.292824
7.328224
7.229476
7.305278
7.312269
7.250358
7.261968
7.224267
7.192663
7.139882
7.137260
7.149359
7.179919
7.160170
7.163527
7.195016
7.198581
7.175334
7.116270
7.115499
7.098908
7.025676
7.111817
7.119571
7.009360
7.005303
7.102880
7.014525
6.965456
7.059868
7.109818
7.178544
7.241470
7.254452
7.210829
7.061971
7.100118
7.145176
7.055906
7.018948
7.058806
7.038647
7.002328
6.971190
6.990919
7.020379
6.973380
6.996883
7.006820
7.034105
7.034624
7.198592
7.193292
7.071489
7.038944
7.105632
7.057002
7.099377
7.164065
7.167126
7.154999
7.165529
7.170059
7.101129
7.106849
7.113465
7.178953
7.204854
7.117303
7.051975
7.038273
7.046083
7.015157
6.988198
6.991687
7.089271
7.052863
7.010683
6.997131
7.047376
7.052155
7.023656
7.012103
6.988890
7.008502
7.068495
7.099045
7.114751
7.091673
7.083197
7.067504
7.073796
7.077361
7.100668
7.118401
7.109635
7.043344
7.007326
7.000938
7.035969
7.119552
7.135723
7.108561
7.020271
7.034492
7.082546
7.035453
6.965842
7.017339
7.095836
7.087750
7.016981
7.077533
7.113795
7.066397
7.022628
6.982789
6.961889
6.930523
6.928906
6.876728
6.900488
6.971334
6.980086
6.984830
7.010932
6.868814
6.954091
7.018991
7.015812
6.980318
6.993940
6.984679
6.886701
6.845068
6.892946
6.822893
6.860509
6.884320
6.880067
6.882097
6.892752
6.845039
6.860692
6.953134
6.950044
6.941682
6.934664
6.916699
6.860206
6.822265
6.855112
6.769477
6.748865
6.756409
6.812661
6.804449
6.721882
6.843897
6.858833
6.812034
6.788893
6.852780
6.831312
6.827687
6.756950
6.832875
6.787926
6.801049
6.809075
6.826108
6.808848
6.805741
6.894305
6.902155
6.863352
6.929771
6.883361
6.883817
6.903604
6.967417
6.920318
6.866189
6.863586
6.868645
6.849946
6.835836
6.806557
6.788564
6.821600
6.903545
6.916711
6.887308
6.891175
6.920282
6.977140
6.915890
6.884843
6.897672
6.945681
6.954506
6.893712
6.895952
6.910170
6.882169
6.901868
6.923567
6.867127
6.861571
6.839687
6.848533
6.921424
6.802263
6.839065
6.842467
6.795122
6.788279
6.767974
6.825489
6.876580
6.875162
6.848041
6.864285
6.884731
6.941478
6.971104
6.974754
7.003449
7.019360
6.996573
6.976060
6.873602
6.944157
6.950813
6.910133
6.869784
6.827321
6.880197
6.896506
6.920112
6.850838
6.860465
6.785727
6.798094
6.778542
6.852717
6.874451
6.863161
6.868349
6.840189
6.844805
6.880546
6.835329
6.793407
6.823974
6.808541
6.860670
6.859868
6.904788
6.885134
6.866697
6.822041
6.802350
6.827537
6.785380
6.806757
6.828881
6.892503
6.881641
6.841372
6.920243
6.865258
6.845097
6.803059
6.764173
6.858681
6.783520
6.782935
6.804387
6.747613
6.712694
6.690195
6.656163
6.635480
6.646524
6.709569
6.638423
6.587332
6.595080
6.589586
6.635836
6.659788
6.639905
6.613354
6.605837
6.633479
6.641156
6.574914
6.617574
6.632031
6.630011
6.648579
6.571734
6.609827
6.594477
6.565017
6.559105
6.561833
6.483227
6.517304
6.514993
6.502582
6.494023
6.496145
6.472155
6.415499
6.416294
6.395444
6.342072
6.294159
6.285952
6.303262
6.190824
6.006695
6.002796
5.873781
5.641600
5.462683
5.281641
5.037446
4.889309
5.123981
5.473248
5.777468
6.034061
6.135155
6.192066
6.296557
6.293317
6.330114
6.358468
6.432176
6.462294
6.535148
6.584059
6.576480
6.638533
6.671062
6.626751
6.630798
6.652707
6.592472
6.644063
6.650259
6.620843
6.615040
6.590989
6.620792
6.699006
6.706191
6.729346
6.762763
6.797781
6.762074
6.755441
6.732071
6.726948
6.734175
6.734274
6.672553
6.705881
6.725387
6.654971
6.670292
6.699173
6.721711
6.744390
6.695360
6.723106
6.715625
6.671583
6.605667
6.498958
6.533801
6.589881
6.600670
6.602039
6.625736
6.644668
6.680620
6.724040
6.688863
6.672877
6.722964
6.627892
6.623587
6.692422
6.683245
6.684838
6.700694
6.659848
6.694073
6.676296
6.700017
6.739231
6.722252
6.756614
6.961496
7.029707
6.901545
6.757325
6.741262
6.697234
6.601731
6.544342
6.485368
6.518725
6.618026
6.623460
6.650768
6.659269
6.592295
6.640510
6.654046
6.638869
6.612944
6.662518
6.681406
6.694517
6.663997
6.660771
6.598067
6.638786
6.606542
6.492449
6.503448
6.482574
6.446578
6.443648
6.418736
6.485035
6.525381
6.502621
6.540226
6.536347
6.489906
6.567521
6.545937
6.517758
6.557915
6.546762
6.479410
6.486007
6.469177
6.462726
6.464569
6.462892
6.393509
6.363422
6.370964
6.366676
6.450477
6.427009
6.365691
6.396060
6.348196
6.325499
6.369613
6.327356
6.339517
6.419658
6.500292
6.449890
6.517133
6.537056
6.509108
6.516839
6.479358
6.545791
6.583240
6.556932
6.459937
6.460081
6.435119
6.373533
6.350334
6.340559
6.345229
6.364008
6.414793
6.449985
6.471160
6.474434
6.473378
6.480313
6.471686
6.530478
6.530779
6.512536
6.540264
6.515392
6.515829
6.571983
6.567134
6.582333
6.583866
6.546346
6.526686
6.490994
6.427799
6.422020
6.422182
6.436865
6.453099
6.458032
6.432124
6.411186
6.440533
6.487308
6.475416
6.408199
6.419282
6.392398
6.359041
6.394839
6.339687
6.411552
6.493049
6.473750
6.537102
6.528283
6.487453
6.545649
6.559753
6.487870
6.502162
6.526078
6.493829
6.414085
6.428953
6.454241
6.462399
6.434590
6.415457
6.427869
6.389703
6.372974
6.449462
6.387706
6.434471
6.457691
6.456550
6.521802
6.475910
6.451509
6.441266
6.402626
6.375795
6.357245
6.365705
6.350488
6.323902
6.343594
6.402412
6.372980
6.340709
6.364643
6.335670
6.361476
6.361867
6.322171
6.229876
6.259250
6.309573
6.331622
6.302463
6.293163
6.291603
6.313835
6.320519
6.272241
6.286806
6.295701
6.298445
6.299352
6.294559
6.327232
6.340720
6.349822
6.322056
6.380676
6.301026
6.235627
6.230368
6.119710
5.976298
5.955961
5.928158
6.049818
6.010186
5.957677
6.119086
6.216869
6.331610
6.339323
6.355613
6.298566
6.184538
6.102302
6.014975
6.063832
6.211283
6.268933
6.236649
6.216795
6.256744
6.200687
6.154262
6.224446
6.247625
6.281032
6.279435
6.307705
6.281052
6.253324
6.206747
6.209269
6.192201
6.152768
6.147656
6.169322
6.216890
6.316314
6.349051
6.353673
6.372964
6.330218
6.288153
6.294226
6.306552
6.301464
6.351257
6.300972
6.210248
6.179346
6.114797
6.120416
6.181476
6.211875
6.208651
6.206322
6.161481
6.164539
6.206533
6.247306
6.299234
6.341202
6.298105
6.329290
6.331523
6.325755
6.361017
6.320377
6.329336
6.369348
6.330167
6.258922
6.262097
6.347571
6.344357
6.372805
6.352221
6.311621
6.293130
6.181617
6.192741
6.160326
6.069874
6.096163
6.115677
6.122118
6.062965
6.081252
6.199674
6.214509
6.237006
6.273710
6.286136
6.273396
6.267894
6.305086
6.231616
6.231768
6.230429
6.295740
6.333799
6.320130
6.323211
6.320124
6.359246
6.330329
6.345032
6.334558
6.291669
6.256332
6.241820
6.225817
6.219687
6.278839
6.278702
6.307176
6.305126
6.261654
6.255629
6.252137
6.272778
6.266647
6.297651
6.268681
6.261457
6.270884
6.211173
6.201214
6.210527
6.155407
6.079193
6.121625
6.120646
6.006149
6.016564
6.094680
6.230490
6.388323
6.325400
6.224165
6.233974
6.226497
6.214575
6.236766
6.161698
6.149506
6.263324
6.253147
6.247527
6.279979
6.252261
6.230172
6.291889
6.262358
6.296149
6.289137
6.249237
6.315093
6.361549
6.292802
6.263002
6.280073
6.188360
6.198951
6.198358
6.227482
6.307449
6.315585
6.188186
6.162715
6.241227
6.316202
6.278455
6.297060
6.331568
6.328324
6.324796
6.310739
6.341997
6.316766
6.339804
6.385582
6.338772
6.359433
6.303909
6.276385
6.283216
6.260622
6.270670
6.201951
6.159508
6.205141
6.262782
6.258174
6.262246
6.185944
6.174727
6.166684
6.209317
6.238620
6.167856
6.231562
6.251589
6.244104
6.275928
6.276104
6.252291
6.237051
6.234422
6.212418
6.225556
6.178033
6.160925
6.225787
6.177291
6.140964
6.159358
6.204895
6.209537
6.202647
6.179821
6.242152
6.323456
6.305578
6.356922
6.359394
6.328786
6.276226
6.247345
6.157802
6.144102
6.195773
6.233110
6.189414
6.158461
6.149602
6.087231
6.112214
6.129151
6.173774
6.156524
6.185958
6.197068
6.219881
6.213943
6.267653
6.248620
6.251027
6.237240
6.241359
6.237859
6.259172
6.217352
6.177987
6.184789
6.223292
6.255906
6.207590
6.247392
6.213170
6.212767
6.239540
6.192100
6.209002
6.249618
6.309275
6.335719
6.276463
6.214740
6.186423
6.159661
6.222518
6.177496
6.196395
6.184768
6.198850
6.135411
6.170460
6.189777
6.205185
6.249522
6.196130
6.154149
6.170657
6.211273
6.224802
6.252164
6.228083
6.253945
6.259719
6.216452
6.195453
6.127427
6.070845
6.105590
6.136391
6.141186
6.110266
6.139592
6.168016
6.138756
6.147040
6.213234
6.186598
6.173381
6.155652
6.170628
6.230468
6.151366
6.174907
6.168025
6.154752
6.123281
6.096311
6.094315
6.113468
6.113500
6.088598
6.074020
6.104602
6.060480
6.079385
6.095978
6.104704
6.091375
5.995997
6.054000
6.043283
5.986808
6.097130
6.352506
6.116315
6.485235
6.491330
6.478729
6.250492
6.031884
6.066223
6.055342
6.005769
6.033399
6.018387
5.998586
6.115175
6.067148
6.043322
6.017894
6.030831
6.003790
5.999878
6.032070
6.018269
6.060524
6.074744
6.131766
6.101239
6.097489
6.095442
6.084084
6.084252
6.065847
6.014692
5.993309
6.021807
6.043973
6.067816
6.066958
6.057071
6.100827
6.076943
6.080660
6.059474
6.064899
6.097130
6.102440
6.105025
6.103152
6.087235
6.101912
6.059533
6.083756
6.100010
6.073800
6.069316
6.050484
6.097860
6.140814
6.085194
6.074331
6.091250
6.088965
6.025695
6.042210
6.025831
6.003941
6.039081
6.016120
6.057282
6.033429
6.038991
6.030717
6.067150
6.056866
6.086851
6.083893
6.018905
6.045060
6.106247
6.142681
6.113989
6.089966
6.067074
6.041020
6.003620
6.057907
6.112354
6.092199
6.027859
6.134274
6.116607
6.057405
6.070687
6.114041
6.101139
6.079147
6.065544
6.084446
6.096698
6.081195
6.070510
6.048208
6.077757
6.077507
6.060787
6.067415
6.017214
6.067000
6.099766
6.074593
6.059767
6.113003
6.150544
6.131542
6.099430
6.108203
6.116767
6.081997
6.074359
6.087489
6.088509
6.103378
6.069981
6.109090
6.081634
6.091794
6.107639
6.085253
6.132779
6.085750
6.037849
6.073350
6.041119
6.069985
6.092416
6.052695
6.080701
6.107027
6.092235
6.097032
6.058910
6.089936
6.075110
5.999674
6.057631
6.059658
5.974635
6.022220
6.082837
6.087357
6.089576
6.086563
6.096622
6.079628
6.053866
6.096662
6.046994
6.053089
5.991905
6.006073
6.053142
6.055838
6.038704
6.032224
6.027584
5.993887
6.039228
6.079510
6.062788
6.065614
6.068937
6.099171
6.054150
6.063434
6.138593
6.049327
6.032868
6.007883
6.039363
6.083547
6.023778
6.040776
6.003962
6.012430
5.979482
5.988815
5.997600
6.037255
6.031548
6.023758
6.035975
6.003409
5.996188
6.087062
6.019432
5.987995
6.000049
6.044608
6.050987
6.018131
5.977572
6.046334
6.056513
6.034770
6.025746
6.056729
6.119873
6.061579
5.997464
6.030355
6.054253
6.009707
5.975961
5.981409
5.911039
5.884983
5.906863
5.913794
5.959244
5.931535
5.921938
5.947762
5.907669
5.946627
5.978767
5.984445
5.963210
5.917273
5.972776
5.958922
5.922693
5.950030
5.870374
5.834408
5.890765
5.858603
5.796681
5.779140
5.822059
5.747140
5.501828
5.576415
5.794935
5.782475
5.739657
5.713519
5.715147
5.786775
5.882387
5.886648
5.911463
5.921300
5.888340
5.918833
5.974647
5.964045
5.899270
5.876793
5.875769
5.996982
5.961981
5.888260
5.877645
5.954128
5.955034
5.878933
5.939872
5.921377
5.925037
5.959675
5.920230
5.930866
5.990334
5.940722
5.961058
5.957846
5.997696
6.039039
5.926121
5.981332
6.034080
5.969299
5.960048
5.967327
5.935681
5.890389
6.019595
5.998315
5.911945
5.909331
5.864846
5.834684
5.975036
5.977958
5.929484
5.922040
5.932344
5.918579
5.890782
5.955587
5.965083
5.925542
5.899335
5.947986
5.951347
5.964022
5.917405
5.958792
5.984200
5.904763
5.876532
5.922331
5.909672
5.878528
5.928363
5.904051
5.895576
5.874923
5.918560
5.945244
5.940725
5.906098
5.904491
5.916064
5.940622
5.953630
5.865041
5.843027
5.902911
5.931099
5.908171
5.937595
5.951200
5.914308
5.961852
5.892656
5.850586
5.835844
5.881085
5.851071
5.889560
5.912091
5.873339
5.885855
5.868301
5.829999
5.853380
5.871620
5.883169
5.872380
5.873576
5.845558
5.910992
5.880567
5.905111
5.903126
5.892308
5.930530
5.885609
5.877581
5.890678
5.862792
5.837047
5.859583
5.820822
5.799035
5.868818
5.778485
5.780342
5.787219
5.795193
5.873770
5.849408
5.874825
5.826883
5.788430
5.831691
5.844242
5.850866
5.822993
5.869507
5.844933
5.875638
5.864129
5.875248
5.894460
5.833309
5.834725
5.904868
5.891791
5.831104
5.876495
5.856539
5.808363
5.765117
5.780420
5.807189
5.859420
5.856781
5.786474
5.792819
5.867253
5.830091
5.816805
5.785971
5.801280
5.795053
5.766500
5.719638
5.712075
5.795376
5.772441
5.780500
5.788466
5.779797
5.805918
5.775429
5.685327
5.686484
5.709471
5.732885
5.791787
5.723108
5.757191
5.774864
5.763967
5.776813
5.744058
5.799616
5.752592
5.757271
5.787005
5.754336
5.779778
5.712341
5.589286
5.549908
5.587071
5.611480
5.647370
5.657038
5.687807
5.627814
5.629615
5.709588
5.686573
5.622772
5.687464
5.688133
5.662197
5.727083
5.701212
5.656864
5.649562
5.679893
5.677943
5.612645
5.554205
5.569753
5.584551
5.620972
5.648320
5.649139
5.594393
5.657486
5.636253
5.635932
5.680001
5.660665
5.695298
5.672129
5.646470
5.670326
5.589325
5.581406
5.652343
5.659597
5.715458
5.666039
5.621065
5.662319
5.648199
5.663544
5.629468
5.621813
5.610575
5.662124
5.700599
5.635351
5.626611
5.622220
5.603636
5.599427
5.573936
5.582570
5.540759
5.579433
5.569060
5.600786
5.611351
5.582461
5.644847
5.585765
5.591300
5.650852
5.632615
5.622114
5.622783
5.659149
5.701485
5.699935
5.712523
5.736437
5.754321
5.707230
5.724687
5.681665
5.652258
5.644339
5.613081
5.649897
5.713448
5.706477
5.635714
5.627055
5.580826
5.661838
5.709699
5.588269
5.678789
5.666751
5.599888
5.756999
5.840420
5.612274
5.613782
5.646465
5.667243
5.618437
5.614688
5.616429
5.652731
5.618374
5.575891
5.542897
5.598347
5.672717
5.761788
5.676124
5.605713
5.571855
5.576337
5.652901
5.632771
5.620103
5.653050
5.603833
5.601911
5.639307
5.628740
5.595340
5.627436
5.624364
5.634816
5.614172
5.607734
5.668291
5.607528
5.561878
5.620954
5.603228
5.593286
5.592071
5.603763
5.578055
5.532975
5.514110
5.539760
5.563048
5.595569
5.561293
5.571882
5.615098
5.576874
5.619870
5.562307
5.570656
5.586525
5.533552
5.518186
5.525954
5.517268
5.528809
5.580764
5.534587
5.544458
5.577803
5.563298
5.533137
5.503123
5.574312
5.543394
5.582763
5.562822
5.578812
5.618600
5.607701
5.542827
5.548358
5.572152
5.561537
5.549107
5.533479
5.546638
5.550657
5.558362
5.576902
5.571579
5.557429
5.569294
5.554303
5.528913
5.516868
5.548644
5.600172
5.606218
5.512931
5.508218
5.523018
5.566831
5.590832
5.579009
5.594052
5.564752
5.591903
5.558873
5.510191
5.568998
5.524863
5.565814
5.568590
5.558381
5.615286
5.532126
5.530511
5.600612
5.612274
5.589932
5.586410
5.619056
5.576813
5.585379
5.595619
5.612674
5.606880
5.596899
5.559843
5.593426
5.641974
5.598453
5.571687
5.584440
5.535043
5.475401
5.465394
5.478825
5.478691
5.494137
5.557734
5.579906
5.564413
5.565171
5.630902
5.601390
5.560317
5.621368
5.607103
5.595589
5.593353
5.618623
5.633166
5.629013
5.604692
5.599173
5.594260
5.586623
5.537789
5.606797
5.647657
5.590310
5.582477
5.632861
5.579715
5.560853
5.563808
5.559923
5.553780
5.521187
5.474677
5.451013
5.439210
5.416088
5.327939
5.153782
5.162099
5.089319
4.944334
4.811775
4.752131
4.624518
4.579124
4.796176
4.982282
5.136617
5.202363
5.222090
5.280886
5.298207
5.308140
5.391849
5.388996
5.426200
5.425346
5.459472
5.475502
5.461233
5.482136
5.510857
5.507717
5.444522
5.434617
5.470001
5.480165
5.495265
5.500907
5.467050
5.509284
5.512383
5.474081
5.463843
5.498592
5.504820
5.453436
5.480382
5.517215
5.479972
5.472612
5.440119
5.468216
5.464357
5.459291
5.473849
5.444052
5.427153
5.451407
5.435448
5.471459
5.438577
5.456598
5.451627
5.439156
5.473087
5.451952
5.413598
5.449258
5.475696
5.441007
5.457080
5.400917
5.364887
5.404273
5.383249
5.367685
5.382245
5.392349
5.386620
5.424346
5.481315
5.507285
5.469364
5.368996
5.405545
5.406762
5.437492
5.445298
5.539727
5.850518
6.185776
6.133339
5.644709
5.383636
5.359335
5.334496
5.328296
5.300236
5.294670
5.333316
5.321413
5.324882
5.424800
5.569114
5.659188
5.549603
5.410871
5.361270
5.374495
5.325799
5.349349
5.347135
5.286013
5.277036
5.254909
5.316639
5.281408
5.253137
5.267829
5.242822
5.259386
5.290302
5.305678
5.313067
5.336718
5.314817
5.305475
5.277830
5.283829
5.316645
5.345529
5.294327
5.293212
5.290757
5.278999
5.306267
5.284848
5.262122
5.286931
5.266430
5.224575
5.235109
5.290522
5.291927
5.252963
5.257319
5.267564
5.322333
5.283803
5.270712
5.262227
5.251834
5.308151
5.315763
5.309876
5.304042
5.266280
5.257905
5.269940
5.272933
5.253416
5.254471
5.231856
5.251797
5.274283
5.244082
5.263713
5.264332
5.238168
5.265103
5.242993
5.260950
5.271864
5.257861
5.262646
5.253226
5.304412
5.240885
5.184553
5.255216
5.249882
5.229384
5.218965
5.248391
5.231668
5.247599
5.262321
5.225032
5.231755
5.243094
5.314441
5.363679
5.273487
5.212598
5.214794
5.202377
5.205956
5.228126
5.247706
5.279391
5.331716
5.281431
5.224355
5.203946
5.176529
5.162418
5.197339
5.135224
5.173561
5.215260
5.188686
5.193445
5.212329
5.180338
5.204975
5.205693
5.222765
5.217409
5.155622
5.209469
5.201675
5.133704
5.193239
5.198705
5.211656
5.227062
5.200894
5.238778
5.184358
5.172904
5.178102
5.195989
5.202123
5.188733
5.190765
5.268796
5.207373
5.183894
5.192760
5.216163
5.201673
5.186478
5.157278
5.147745
5.163661
5.198543
5.194692
5.237703
5.187728
5.236997
5.239577
5.213094
5.273085
5.185709
5.170585
5.230101
5.262476
5.242133
5.269572
5.277638
5.214586
5.205124
5.246476
5.232639
5.236142
5.224209
5.241634
5.240713
5.249210
5.264048
5.266565
5.225561
5.242167
5.234116
5.230574
5.262671
5.234104
5.243701
5.240893
5.214053
5.209788
5.239637
5.262318
5.264365
5.278997
5.300483
5.281001
5.270153
5.272927
5.264460
5.269715
5.266501
5.235715
5.261013
5.321445
5.276573
5.234508
5.304622
5.347093
5.261294
5.234527
5.266819
5.260029
5.265761
5.312688
5.320630
5.291212
5.253543
5.275554
5.249946
5.274979
5.337197
5.380644
5.347737
5.334958
5.412657
5.479543
5.432247
5.375586
5.408924
5.377171
5.334131
5.376498
5.403213
5.398853
5.400791
5.336487
5.265599
5.203536
5.243193
5.262984
5.165351
5.182037
5.162745
5.141572
5.222132
5.186424
5.230284
5.241995
5.220082
5.264870
5.267256
5.248287
5.247086
5.203091
5.225520
5.230885
5.148446
5.093411
5.089306
5.135831
5.133538
5.112150
5.153739
5.176077
5.149578
5.156615
5.133429
5.171136
5.166653
5.151573
5.130026
5.168330
5.172045
5.145895
5.121916
5.202852
5.182051
5.175835
5.177418
5.112872
5.011820
5.042743
5.028219
5.046485
5.075221
5.047902
5.049851
5.059705
5.048568
5.076440
5.085796
5.088420
5.063282
5.039989
5.017688
5.092423
5.100976
5.094424
5.101633
5.086556
5.077079
5.070017
5.040663
5.044523
5.075676
5.054972
5.108804
5.102575
5.121042
5.124206
5.103106
5.111887
5.126224
5.137042
5.157256
5.166615
5.157358
5.125901
5.131462
5.134441
5.145178
5.178071
5.281100
5.444034
5.450026
5.280288
5.165924
5.117832
5.077692
5.069878
5.077500
5.063359
5.104040
5.098457
5.104100
5.119449
5.212102
5.247496
5.206397
5.193199
5.188427
5.131915
5.152793
5.120523
5.133611
5.163464
5.197549
5.225121
5.142382
5.188546
5.179120
5.173066
5.133434
5.080145
5.148814
5.151071
5.132016
5.153029
5.164520
5.159759
5.133447
5.131143
5.176800
5.146537
5.119279
5.154929
5.120966
5.172953
5.239974
5.212421
5.178356
5.087620
5.131746
5.128788
5.048788
5.046304
5.073325
5.131325
5.117563
5.120571
5.150721
5.137536
5.107227
5.123702
5.171453
5.173273
5.157136
5.179094
5.130281
5.157976
5.141103
5.253411
5.268132
5.169141
5.149001
5.151190
5.175803
5.194248
5.182134
5.173975
5.187459
5.160383
5.172691
5.191429
5.153857
5.209682
5.298902
5.286106
5.285680
5.217022
5.170415
5.146001
5.175607
5.189866
5.188953
5.152541
5.158062
5.173780
5.125857
5.127253
5.132249
5.142364
5.220597
5.263197
5.318486
5.274318
5.203019
5.203136
5.192392
5.188463
5.214817
5.189958
5.231594
5.244871
5.232845
5.240134
5.211234
5.218119
5.207746
5.193728
5.171786
5.202588
5.203563
5.216524
5.181920
5.221011
5.215971
5.118793
5.144317
5.175501
5.168744
5.181791
5.166662
5.195810
5.163878
5.144411
5.186053
5.138461
5.147274
5.184817
5.176674
5.154537
5.178028
5.211830
5.235635
5.221963
5.241671
5.225869
5.196148
5.186360
5.178536
5.114885
5.138659
5.185868
5.195426
5.204335
5.167350
5.186869
5.205368
5.123302
5.169161
5.157039
5.169586
5.219043
5.208540
5.197229
5.133858
5.152204
5.198355
5.252199
5.199240
5.152562
5.237101
5.167809
5.172252
5.187499
5.160757
5.163588
5.153831
5.153038
5.161022
5.192249
5.219096
5.191862
5.176875
5.167908
5.162781
5.154924
5.171800
5.195407
5.229711
5.211336
5.206062
5.211211
5.217983
5.269211
5.191021
5.141017
5.205107
5.218539
5.169424
5.174089
5.214856
5.197847
5.199827
5.218182
5.205904
5.187733
5.224936
5.240566
5.199518
5.194099
5.211237
5.214178
5.228653
5.209763
5.203236
5.189953
5.204227
5.201715
5.200062
5.226531
5.236536
5.235993
5.175782
5.230012
5.156652
5.129700
5.182069
5.195735
5.195538
5.204909
5.143521
5.050257
5.103749
5.117391
4.989313
5.033922
5.170589
5.092826
4.965124
5.018480
4.996679
5.075763
5.113622
4.978255
5.049892
5.128608
4.989440
5.071909
5.084239
5.061295
5.010042
5.163310
5.080246
5.014961
5.008690
4.881562
5.018929
4.948987
4.978594
5.078315
4.866912
5.124016
4.945293
4.910392
5.135305
4.851656
4.986067
5.039324
4.838015
4.934445
5.033088
4.791092
4.895485
4.764231
4.620896
4.680544
4.826885
4.832905
4.809004
4.807473
4.864197
4.878297
4.891714
4.878263
4.842484
4.858218
4.876970
4.831294
4.872350
4.867026
4.880631
4.873831
4.803101
4.712112
4.686708
4.768372
4.851896
4.832222
4.861630
4.859877
4.833900
4.844092
4.889620
4.877812
4.885764
4.921047
4.878073
4.887197
4.873858
4.886923
4.879309
4.884369
4.920914
4.894418
4.902137
4.902291
4.925504
4.948933
4.914749
4.890897
4.862010
4.841121
4.752863
4.769948
4.843118
4.875374
4.833832
4.817740
4.885001
4.869926
4.821536
4.855695
4.842696
4.863863
4.880903
4.857964
4.888199
4.905479
4.888483
4.826078
4.873699
4.834613
4.814705
4.869342
4.912603
4.848758
4.832785
4.892536
4.808011
4.899233
4.799680
4.781525
4.903389
4.928964
4.858802
4.874472
4.867991
4.865990
4.854853
4.898679
4.946647
4.868396
4.960299
4.926331
4.881366
4.839153
4.781985
4.779006
4.825355
4.801674
4.806470
4.827443
4.801235
4.868001
4.851432
4.847993
4.885772
4.894492
4.958890
4.994870
4.893644
4.896623
4.863909
4.827680
4.875914
4.843032
4.866034
4.925039
4.904940
4.885649
4.885784
4.850296
4.907839
4.918040
4.859996
4.786946
4.863104
4.880125
4.864602
4.890973
4.862972
4.868508
4.870017
4.886865
4.868933
4.866175
4.870515
4.871048
4.886885
4.861059
4.905100
4.880807
4.921256
4.949169
4.782489
4.933427
4.849062
4.775183
4.849380
4.845332
4.800599
4.890554
4.874358
4.826322
4.875151
4.859865
4.808118
4.830293
4.825329
4.855645
4.895584
4.817839
4.860196
4.840435
4.836112
4.836731
4.861698
4.939986
4.914897
4.982612
4.924211
4.887991
4.929414
4.902462
4.895212
4.905592
4.881833
4.908260
4.873305
4.871937
4.861876
4.895147
4.860079
4.884351
4.925868
4.882382
4.849707
4.927684
4.900024
4.849794
4.855029
4.863878
4.869963
4.847756
4.883787
4.938429
5.007151
4.952588
4.913995
4.970611
4.922237
4.943080
4.929784
4.915427
4.891363
4.943678
4.949646
4.928878
4.960507
4.940727
4.910817
4.883673
4.884667
4.908909
4.899975
4.899855
4.932486
4.905779
4.953213
4.953032
4.910941
4.929399
4.975016
4.915646
4.901025
4.912735
4.920182
4.920904
4.930678
4.942220
4.933057
4.927400
4.934077
4.939156
4.964442
4.942587
4.955130
4.972476
4.963883
4.997256
4.978915
4.948875
4.950501
4.943984
4.991838
4.959533
4.968443
4.974607
4.959161
4.971230
4.986855
4.987115
4.937478
4.934903
4.953264
4.951486
5.011318
4.992364
4.979916
5.003204
4.959418
4.962674
4.972240
5.021171
5.025099
5.057311
5.088812
5.023444
5.019629
4.974616
4.899494
4.937793
4.938938
4.950585
4.945823
4.922574
4.911205
4.924612
4.976963
5.025112
4.975717
4.949393
4.961151
4.923966
4.937884
4.898621
4.874362
4.791790
4.633463
4.646113
4.722862
4.826847
4.847524
4.751784
4.624817
4.567430
4.663020
4.780525
4.839068
4.880459
4.867884
4.872120
4.875852
4.888289
4.885787
4.866807
4.874925
4.871782
4.842711
4.848626
4.918902
4.903878
4.840885
4.877266
4.913016
4.899501
4.891981
4.862351
4.883887
4.896844
4.916449
4.906384
4.892202
4.907598
4.911318
4.885095
4.897138
4.883098
4.892938
4.893942
4.898221
4.893803
4.896304
4.871605
4.902767
4.880955
4.863568
4.870364
4.990390
4.988366
4.831559
4.837213
4.973574
4.833272
4.896904
4.901701
4.826567
4.941074
4.930082
4.788860
4.827847
4.818764
4.760813
4.823037
4.868949
4.821266
4.850058
4.828446
4.800042
4.840658
4.856517
4.854265
4.818893
4.728011
4.663046
4.700874
4.774365
4.772970
4.760679
4.753843
4.821130
5.118152
5.148392
4.761471
4.870152
5.044229
4.999766
4.798190
4.772322
4.907498
4.846106
4.785012
4.873331
4.781456
4.729242
4.797573
4.835305
4.780606
4.751429
4.766388
4.749885
4.734405
4.687425
4.721375
4.765636
4.699844
4.646584
4.688016
4.744423
4.816008
4.824347
4.746069
4.794004
4.944145
4.804464
4.792266
4.800300
4.812039
4.743611
4.698526
4.750576
4.800179
4.801175
4.807151
4.855938
4.979123
5.033513
5.099363
5.223350
5.057286
4.832448
4.797617
4.828986
4.824224
4.743479
4.664402
4.689947
4.701886
4.624717
4.598984
4.620956
4.592148
4.590404
4.679659
4.681343
4.540104
4.470253
4.590536
4.547113
4.551641
4.584888
4.576561
4.605442
4.607477
4.626546
4.609477
4.582826
4.583737
4.605144
4.526203
4.524905
4.588137
4.391310
4.435045
4.581452
4.576442
4.585966
4.615645
4.593514
4.556085
4.533395
4.543273
4.576693
4.543107
4.539660
4.581409
4.582479
4.543818
4.588160
4.544792
4.557418
4.493683
4.409003
4.389702
4.235855
4.185699
4.337424
4.448696
4.547721
4.633022
4.598031
4.590524
4.578396
4.584264
4.569737
4.608414
4.623635
4.639230
4.633920
4.616036
4.610876
4.631374
4.629525
4.593248
4.628091
4.611181
4.576111
4.585944
4.604109
4.541950
4.522825
4.511387
4.469625
4.492267
4.529675
4.531630
4.526580
4.595070
4.613542
4.606995
4.634215
4.588365
4.632977
4.637686
4.627966
4.634714
4.639171
4.638787
4.694557
4.683675
4.639100
4.613872
4.659540
4.603730
4.593153
4.658528
4.661090
4.603645
4.572618
4.575303
4.618856
4.632963
4.536796
4.487251
4.444396
4.253733
4.300567
4.455741
4.566562
4.571008
4.588012
4.607699
4.570987
4.583215
4.594033
4.537726
4.571144
4.579580
4.519237
4.476529
4.490578
4.474524
4.494432
4.534442
4.531253
4.557971
4.570585
4.564421
4.560752
4.554180
4.537791
4.501542
4.529748
4.556558
4.524800
4.553501
4.549355
4.522529
4.572049
4.573788
4.546058
4.538752
4.504590
4.501368
4.492767
4.504901
4.536488
4.460108
4.433734
4.397669
4.401807
4.454675
4.492823
4.556217
4.568604
4.471389
4.600563
4.739553
4.613841
4.610494
4.630223
4.668286
4.684749
4.631903
4.647304
4.639978
4.607911
4.615432
4.673288
4.644398
4.529807
4.547291
4.569591
4.578392
4.569771
4.515204
4.501326
4.498774
4.552449
4.598302
4.629380
4.645415
4.654871
4.653731
4.646003
4.624120
4.636346
4.480721
4.728881
4.914861
4.788120
4.680501
4.596527
4.626948
4.653939
4.579913
4.611961
4.570493
4.533645
4.586748
4.619063
4.536868
4.509833
4.459476
4.362884
4.404632
4.351333
4.440219
4.520522
4.493900
4.410339
4.483801
4.482585
4.532300
4.564241
4.460110
4.383518
4.739556
4.656784
4.498462
4.522762
4.511322
4.541299
4.581549
4.536998
4.574484
4.625740
4.571126
4.514682
4.519302
4.626203
4.651636
4.547624
4.487980
4.505029
4.531961
4.457459
4.494951
4.534518
4.565123
4.583465
4.538060
4.580315
4.599811
4.589259
4.565199
4.531855
4.538490
4.520431
4.595539
4.621382
4.439826
4.560242
4.607488
4.494052
4.531483
4.567381
4.565543
4.530416
4.560588
4.576541
4.554662
4.486035
4.588285
4.677765
4.516032
4.331933
4.244798
4.569549
4.897779
4.893269
4.524073
4.230325
4.305328
4.460691
4.408450
4.335879
4.302031
4.260117
4.060092
4.151744
4.305376
4.233316
4.132974
4.178800
4.337878
4.414654
4.475038
4.622525
4.676332
4.594656
4.465967
4.503799
4.597189
4.611392
4.495791
4.540092
4.549411
4.528323
4.474455
4.476359
4.494496
4.516761
4.553284
4.535578
4.499947
4.467430
4.506946
4.491506
4.485824
4.544987
4.542254
4.489125
4.455027
4.440395
4.465865
4.473999
4.467139
4.503232
4.557965
4.507796
4.553412
4.519646
4.503107
4.549688
4.545326
4.523159
4.517718
4.499294
4.537252
4.506446
4.500328
4.540639
4.520177
4.512608
4.543497
4.537694
4.518412
4.505945
4.491166
4.533621
4.530639
4.526718
4.548226
4.560545
4.579766
4.547655
4.563194
4.559559
4.549887
4.561283
4.557120
4.571646
4.598235
4.551869
4.539770
4.553118
4.569698
4.575243
4.560132
4.543953
4.571127
4.576733
4.578840
4.504982
4.526099
4.577699
4.572051
4.566854
4.565429
4.508792
4.514616
4.510430
4.420083
4.392154
4.423517
4.504591
4.511782
4.434738
4.399475
4.415180
4.468552
4.485920
4.494054
4.475164
4.455950
4.506400
4.465232
4.435556
4.478906
4.480310
4.501985
4.579864
4.613759
4.501649
4.396013
4.422387
4.468674
4.470934
4.521873
4.473376
4.452551
4.494075
4.487066
4.483273
4.507614
4.486558
4.477843
4.487541
4.411163
4.392907
4.465296
4.389815
4.436557
4.378621
4.509273
4.758217
4.312567
4.446987
5.050739
4.788585
4.048172
4.209131
4.878517
4.863590
4.026059
4.114608
4.579057
4.543886
4.351728
4.337200
4.451109
4.617319
4.558305
4.191692
4.242783
4.644581
4.584548
4.356984
4.226222
4.442056
4.355372
4.433874
4.392915
4.344124
4.432714
4.271910
4.568655
5.292527
4.958146
4.170258
3.851199
4.364467
4.358178
4.290437
4.413319
4.422400
4.381214
4.400581
4.379922
4.436721
4.402352
4.353277
4.400024
4.429186
4.304266
4.340563
4.331322
4.443131
4.402132
4.260341
4.436403
4.368888
4.133302
4.275961
4.457860
4.521428
4.497715
3.928354
3.757044
4.169715
4.417148
4.340602
4.345691
4.404675
4.195320
4.560382
4.538827
4.092714
4.351815
4.393263
4.320566
4.329068
4.380801
4.838287
4.715554
4.579036
4.163034
4.225630
4.524001
4.348630
4.361971
4.466383
4.280912
4.279227
4.412002
4.293563
4.490757
4.257019
4.311848
4.325228
4.348571
4.321431
4.381774
4.605141
4.568457
4.361590
4.276321
4.409073
4.271203
4.307927
4.321569
4.252488
4.238413
4.198688
4.198186
4.064469
4.018751
4.087581
4.228279
4.442835
4.166446
4.234045
4.412510
4.270777
4.308441
4.552997
4.530092
4.217377
4.375275
4.345897
4.305315
4.359125
4.274004
4.401412
4.381674
4.269666
4.250589
4.331496
4.297989
4.274884
4.219635
4.251690
4.326473
4.333343
4.365330
4.255103
4.360210
4.363853
4.279434
4.385790
4.459376
4.269650
4.290113
4.297185
4.286359
4.315283
4.281882
4.231903
4.175514
4.177645
4.263789
4.254096
4.227185
4.252406
4.243776
4.209819
4.239094
4.299102
4.266558
4.269904
4.339740
4.356863
4.250531
4.235854
4.264830
4.179543
4.306134
4.253283
4.147935
4.137129
4.264742
4.287628
4.270382
4.206957
4.404694
4.513944
4.366967
4.434043
4.282081
4.235472
4.279930
4.410995
4.224688
4.264141
4.542573
4.210172
4.054297
4.313824
4.242606
4.183334
4.237932
4.260036
4.254439
4.255304
4.119817
4.253904
4.204235
4.210753
4.270114
4.266107
4.213611
4.242018
4.246055
4.230682
4.220616
4.233074
4.221157
4.171786
4.177360
4.238117
4.255903
4.220138
4.159806
4.027139
4.162767
4.614543
4.256821
3.702756
4.328056
4.518224
4.294336
4.238470
4.194769
4.288060
4.303452
4.357022
4.189820
4.223780
4.214001
4.172116
4.191299
4.211720
4.250593
4.262420
4.172019
4.219195
4.247371
4.242523
4.240196
4.150508
4.221955
4.258916
4.167807
4.065001
4.175070
4.256115
4.128824
4.191196
4.249174
4.151809
4.099648
4.876334
4.326909
3.655561
4.257068
4.245300
4.166971
4.163564
4.171455
4.178465
4.149008
4.371373
4.156876
4.061187
4.090857
4.139329
4.008307
4.010931
3.834363
4.415666
4.790436
3.885347
3.654195
4.133981
4.056676
4.052580
3.997437
4.007653
4.015160
4.075781
4.028941
4.203875
4.157999
4.419170
4.496440
3.992872
3.723443
4.001221
4.416422
4.646806
3.888643
4.565663
3.971953
3.894687
4.213815
4.128887
4.164221
4.013053
4.121047
4.165400
4.097591
4.038711
3.975090
4.036036
4.014408
3.941716
3.995713
4.100303
4.181947
4.084415
4.085562
3.787810
4.717573
4.448835
3.860247
3.836139
4.103793
4.041367
4.301830
4.408244
3.823965
4.057801
4.000801
4.045330
4.023991
3.937401
4.165972
3.894462
3.783717
3.783245
3.821453
3.807859
3.834305
4.124702
4.121521
3.805355
3.840543
4.173701
4.306503
4.146742
3.982733
3.824201
4.058299
4.246561
3.915724
3.971873
4.057726
4.098252
4.102967
4.008089
4.015592
4.088165
4.398675
4.189524
4.018480
4.043334
3.963467
4.115394
3.987830
3.732066
4.148960
4.861794
3.790945
3.693521
4.059899
4.081954
4.016374
4.141706
3.969741
4.066191
4.137006
3.960233
4.084376
4.363752
3.977304
3.648539
4.090605
4.061171
3.720178
3.930713
3.693485
5.418883
4.212081
3.185359
4.057836
4.146166
4.021805
3.520681
4.064986
4.327553
3.655044
3.587749
4.067281
3.992289
4.259162
4.074370
3.613995
3.906082
5.079708
3.412132
3.368125
4.056898
3.918872
4.016378
4.348869
3.834551
4.170311
4.030323
3.972789
3.866081
3.957994
3.988957
4.004070
4.049480
4.034483
3.931952
3.733808
4.030745
4.129184
4.026650
3.975696
3.918408
4.024476
4.184870
4.074924
3.963522
3.882766
3.849710
3.255240
5.063680
5.374613
4.395059
1.909471
1.205712
7.947248
8.179002
3.014529
2.518774
3.537209
2.717334
7.196537
5.873794
2.219906
3.573185
5.300761
4.492457
4.361828
4.562971
4.620660
4.679078
4.798506
4.652714
4.617867
4.704660
4.539880
4.701626
5.622392
